cycle_count,cycle,price_inf,sum(Farmer collect each.cash) / 1000000000
0,0,1.1259888956931647,0.0
1,1,1.1259888956931647,0.0
2,2,1.1259888956931647,-0.00007812571175969
3,3,1.1259888956931647,-0.00046021409034115
4,4,1.1259888956931647,-0.00068219470388952
5,5,1.1259888956931647,-0.00085366223864424
6,6,1.1259888956931647,-0.00102547827512992
7,7,1.1259888956931647,-0.00130197185475272
8,8,1.1259888956931647,-0.00218669506768458
9,9,1.1259888956931647,-0.00264538175041486
10,10,1.1259888956931647,-0.00310437351080543
11,11,1.1259888956931647,-0.00362298078805775
12,12,1.1259888956931647,-0.00412842527329417
13,13,1.1259888956931647,-0.00468664745775206
14,14,1.1259888956931647,-0.00534904437185031
15,15,1.1259888956931647,-0.00592266845613041
16,16,1.1259888956931647,-0.00650746122628483
17,17,1.1259888956931647,-0.00710656110156463
18,18,1.1259888956931647,-0.00769305757267092
19,19,1.1259888956931647,-0.00827917545753073
20,20,1.1259888956931647,-0.00891290646160075
21,21,1.1259888956931647,-0.00952216370368472
22,22,1.1259888956931647,-0.01026062947075749
23,23,1.1259888956931647,-0.01097525145632046
24,24,1.1259888956931647,-0.01164736429377359
25,25,1.1259888956931647,-0.01232089825283202
26,26,1.1259888956931647,-0.0130693767076695
27,27,1.1259888956931647,-0.01376126546614545
28,28,1.1259888956931647,-0.01445262182081414
29,29,1.1259888956931647,-0.01515946270950918
30,30,1.1259888956931647,-0.0158557915544329
31,31,1.1259888956931647,-0.01670541781445086
32,32,1.1259888956931647,-0.01772976795750102
33,33,1.1259888956931647,-0.01875447390490186
34,34,1.1259888956931647,-0.019779553984535
35,35,1.1259888956931647,-0.02080463508645057
36,36,1.1259888956931647,-0.02182960260487584
37,37,1.1259888956931647,-0.02285429736019118
38,38,1.1259888956931647,-0.02388025672200423
39,39,1.1259888956931647,-0.02490552698278802
40,40,1.1259888956931647,-0.02593053416974592
41,41,1.1259888956931647,-0.02695473010635417
42,42,1.1259888956931647,-0.02797996339896371
43,43,1.1259888956931647,-0.02900507277705517
44,44,1.1259888956931647,-0.03003002992798928
45,45,1.1259888956931647,-0.03105458631816397
46,46,1.1259888956931647,-0.03207848926398472
47,47,1.1259888956931647,-0.03310225353786906
48,48,1.1259888956931647,-0.03412749498220592
49,49,1.1259888956931647,-0.03515264274953583
50,50,1.1259888956931647,-0.0361777127452579
51,51,1.1259888956931647,-0.0372029641318613
52,52,1.1259888956931647,-0.03822794757251021
53,53,1.1259888956931647,-0.03925285737140296
54,54,1.1259888956931647,-0.0402777629197081
55,55,1.1259888956931647,-0.04130295714914781
56,56,1.1259888956931647,-0.04232769914933901
57,57,1.1259888956931647,-0.04335297743805964
58,58,1.1259888956931647,-0.0443780327035615
59,59,1.1259888956931647,-0.04540334275205164
60,60,1.1259888956931647,-0.04642802098524502
61,61,1.1259888956931647,-0.04745344156668523
62,62,1.1259888956931647,-0.0484782633011575
63,63,1.1259888956931647,-0.04950367931636677
64,64,1.1259888956931647,-0.05052750330386115
65,65,1.1259888956931647,-0.05155271575028961
66,66,1.1259888956931647,-0.05257699076198626
67,67,1.1259888956931647,-0.05360171001926605
68,68,1.1259888956931647,-0.05462618045552289
69,69,1.1259888956931647,-0.05565071368964788
70,70,1.1259888956931647,-0.05667359018696325
71,71,1.1259888956931647,-0.05769833616116483
72,72,1.1259888956931647,-0.05872291459898812
73,73,1.1259888956931647,-0.05974765289986299
74,74,1.1259888956931647,-0.0607713969777175
75,75,1.1259888956931647,-0.0617961415487242
76,76,1.1259888956931647,-0.06282107218745045
77,77,1.1259888956931647,-0.06384607798611751
78,78,1.1259888956931647,-0.06487112661446622
79,79,1.1259888956931647,-0.06589670225374515
80,80,1.1259888956931647,-0.06692241396770589
81,81,1.1259888956931647,-0.06794817230295268
82,82,1.1259888956931647,-0.06897361305592933
83,83,1.1259888956931647,-0.06999926365155075
84,84,1.1259888956931647,-0.07102502407352958
85,85,1.1259888956931647,-0.07205048712479595
86,86,1.1259888956931647,-0.07307536814207326
87,87,1.1259888956931647,-0.07410040399834893
88,88,1.1259888956931647,-0.0751250535339742
89,89,1.1259888956931647,-0.07615086755129634
90,90,1.1259888956931647,-0.07717675980962589
91,91,1.1259888956931647,-0.07820273343950358
92,92,1.1259888956931647,-0.07922862067721777
93,93,1.1259888956931647,-0.08025423948819292
94,94,1.1259888956931647,-0.08128040871008486
95,95,1.1259888956931647,-0.0823064488300301
96,96,1.1259888956931647,-0.08333244465197905
97,97,1.1259888956931647,-0.0843581699657498
98,98,1.1259888956931647,-0.08538400275238173
99,99,1.1259888956931647,-0.0864104677059754
100,100,1.1259888956931647,-0.08743704778003894
101,101,1.1259888956931647,-0.08846339106005406
102,102,1.1259888956931647,-0.08948985479806522
103,103,1.1259888956931647,-0.09051628800414402
104,104,1.1259888956931647,-0.09154238280665014
105,105,1.1259888956931647,-0.09256803765995858
106,106,1.1259888956931647,-0.09359400536936976
107,107,1.1259888956931647,-0.09462021420728507
108,108,1.1259888956931647,-0.09564550998019401
109,109,1.1259888956931647,-0.09667119441166162
110,110,1.1259888956931647,-0.09769696952418484
111,111,1.1259888956931647,-0.09872256585071063
112,112,1.1259888956931647,-0.09974791144601007
113,113,1.1259888956931647,-0.10077335133459005
114,114,1.1259888956931647,-0.10179949248985347
115,115,1.1259888956931647,-0.10282577850274613
116,116,1.1259888956931647,-0.10385229427587103
117,117,1.1259888956931647,-0.10487857238861042
118,118,1.1259888956931647,-0.10590462629278463
119,119,1.1259888956931647,-0.10692927840002367
120,120,1.1259888956931647,-0.10795429221934252
121,121,1.1259888956931647,-0.10898007402491261
122,122,1.1259888956931647,-0.11000526657847672
123,123,1.1259888956931647,-0.11103159142485568
124,124,1.1259888956931647,-0.11205791193711415
125,125,1.1259888956931647,-0.11308400757680426
126,126,1.1259888956931647,-0.11410995014125577
127,127,1.1259888956931647,-0.11513651246393716
128,128,1.1259888956931647,-0.116162175451329
129,129,1.1259888956931647,-0.1171883828373278
130,130,1.1259888956931647,-0.11821454576508154
131,131,1.1259888956931647,-0.10668339020270287
132,132,1.1259888956931647,-0.05397272293896724
133,133,1.1259888956931647,0.2017653159122542
134,134,1.1259888956931647,0.2565063250169918
135,135,1.1259888956931647,0.25548048420938557
136,136,1.1259888956931647,0.25445506757766084
137,137,1.1259888956931647,0.3286809911471519
138,138,1.1259888956931647,0.7718317687715152
139,139,1.1259888956931647,0.7708066982453805
140,140,1.1259888956931647,0.7697821432509981
141,141,1.1259888956931647,0.8170879386009787
142,142,1.1259888956931647,0.8354101887193858
143,143,1.1259888956931647,0.888702408224753
144,144,1.1259888956931647,0.9743636065100816
145,145,1.1259888956931647,0.9733387100700287
146,146,1.1259888956931647,0.9813573899478499
147,147,1.1259888956931647,0.9924193819563403
148,148,1.1259888956931647,0.9913947466209506
149,149,1.1259888956931647,0.9903698097728162
150,150,1.1259888956931647,1.0086787213647685
151,151,1.1259888956931647,1.008801833006545
152,152,1.1259888956931647,1.0999820467386174
153,153,1.1259888956931647,1.1838267330016745
154,154,1.1259888956931647,1.1909352235894215
155,155,1.1259888956931647,1.1895275590958931
156,156,1.1259888956931647,1.2500031028727632
157,157,1.1259888956931647,1.2608338096647336
158,158,1.1259888956931647,1.3459196410175736
159,159,1.1259888956931647,1.3532878593532793
160,160,1.1259888956931647,1.3513273714917562
161,161,1.1259888956931647,1.4672472470027018
162,162,1.1259888956931647,1.469022477287475
163,163,1.1259888956931647,1.4749055034137364
164,164,1.1259888956931647,1.4950129005975221
165,165,1.1259888956931647,1.492964308713534
166,166,1.1259888956931647,1.4920803102062872
167,167,1.1259888956931647,1.4932422877041114
168,168,1.1259888956931647,1.491154663305425
169,169,1.1259888956931647,1.489064137753491
170,170,1.1259888956931647,1.4950592280914774
171,171,1.1259888956931647,1.492954021041101
172,172,1.1259888956931647,1.506094678504957
173,173,1.1259888956931647,1.5103236678178835
174,174,1.1259888956931647,1.5080874091059193
175,175,1.1259888956931647,1.5058338240175972
176,176,1.1259888956931647,1.509850543248307
177,177,1.1259888956931647,1.5075476191189034
178,178,1.1259888956931647,1.5052181135697031
179,179,1.1259888956931647,1.504760482852032
180,180,1.1259888956931647,1.5024236029952933
181,181,1.1259888956931647,1.5000832566560716
182,182,1.1259888956931647,1.4977431778953283
183,183,1.1259888956931647,1.4954031004550932
184,184,1.1259888956931647,1.493062999689266
185,185,1.1259888956931647,1.4907227469523903
186,186,1.1259888956931647,1.488382612675129
187,187,1.1259888956931647,1.4860422680082261
188,188,1.1259888956931647,1.483702036090527
189,189,1.1259888956931647,1.4813616459498162
190,190,1.1259888956931647,1.479020821795866
191,191,1.1259888956931647,1.62361043463208
192,192,1.1259888956931647,1.6214908198017144
193,193,1.1259888956931647,1.6193705913209706
194,194,1.1259888956931647,1.6172503109439673
195,195,1.1259888956931647,1.6151299513981918
196,196,1.1259888956931647,1.61300962679116
197,197,1.1259888956931647,1.6108889924613887
198,198,1.1259888956931647,1.6087685296278453
199,199,1.1259888956931647,1.606648079144513
200,200,1.1259888956931647,1.6045279588582237
201,201,1.1259888956931647,1.6024074414375695
202,202,1.1259888956931647,1.6002869614377133
203,203,1.1259888956931647,1.5981665675034726
204,204,1.1259888956931647,1.596046243688768
205,205,1.1259888956931647,1.5939261280993091
206,206,1.1259888956931647,1.5918065356889577
207,207,1.1259888956931647,1.5896869762607
208,208,1.1259888956931647,1.587567280320228
209,209,1.1259888956931647,1.5854475511307615
210,210,1.1259888956931647,1.5833273706799065
211,211,1.1259888956931647,1.581207567075929
212,212,1.1259888956931647,1.579087816170701
213,213,1.1259888956931647,1.576968316395913
214,214,1.1259888956931647,1.5748486831056414
215,215,1.1259888956931647,1.5727289283498556
216,216,1.1259888956931647,1.5706085999484236
217,217,1.1259888956931647,1.568488331654916
218,218,1.1259888956931647,1.5663683609187193
219,219,1.1259888956931647,1.5642490293303086
220,220,1.1259888956931647,1.5621282950721016
221,221,1.1259888956931647,1.5600072670120695
222,222,1.1259888956931647,1.557885997503404
223,223,1.1259888956931647,1.5557647795067509
224,224,1.1259888956931647,1.5536435881687298
225,225,1.1259888956931647,1.5515225363751515
226,226,1.1259888956931647,1.5494016336972023
227,227,1.1259888956931647,1.5472807328730764
228,228,1.1259888956931647,1.5451603779946208
229,229,1.1259888956931647,1.543039472766294
230,230,1.1259888956931647,1.5409199677099314
231,231,1.1259888956931647,1.538799485823409
232,232,1.1259888956931647,1.536678092382998
233,233,1.1259888956931647,1.5345572751531518
234,234,1.1259888956931647,1.5324363377027115
235,235,1.1259888956931647,1.5303158865964628
236,236,1.1259888956931647,1.5281947851858992
237,237,1.1259888956931647,1.5260736720113142
238,238,1.1259888956931647,1.5239539087588296
239,239,1.1259888956931647,1.5218335451345635
240,240,1.1259888956931647,1.5197132079841869
241,241,1.1259888956931647,1.5174406437054226
242,242,1.1259888956931647,1.5161485721836754
243,243,1.1259888956931647,1.52076292290056
244,244,1.1259888956931647,1.550319798792786
245,245,1.1259888956931647,1.5547561471777351
246,246,1.1259888956931647,1.5526811544584052
247,247,1.1259888956931647,1.5506069535934937
248,248,1.1259888956931647,1.5580694420319743
249,249,1.1259888956931647,1.6233662950180168
250,250,1.1259888956931647,1.6214776752574867
251,251,1.1259888956931647,1.6195885920481954
252,252,1.1259888956931647,1.6222894688412455
253,253,1.1259888956931647,1.6232630056697819
254,254,1.1259888956931647,1.627463768763999
255,255,1.1259888956931647,1.6427810132757268
256,256,1.1259888956931647,1.6409666489799
257,257,1.1259888956931647,1.640073959571635
258,258,1.1259888956931647,1.6407793554261478
259,259,1.1259888956931647,1.6389725653395948
260,260,1.1259888956931647,1.6371658789169432
261,261,1.1259888956931647,1.6416499982722368
262,262,1.1259888956931647,1.6398586471081495
263,263,1.1259888956931647,1.6499290992800641
264,264,1.1259888956931647,1.6531459287773003
265,265,1.1259888956931647,1.65139505629258
266,266,1.1259888956931647,1.649644679947897
267,267,1.1259888956931647,1.6527726085211711
268,268,1.1259888956931647,1.651034036701948
269,269,1.1259888956931647,1.649296143501317
270,270,1.1259888956931647,1.6490143440250817
271,271,1.1259888956931647,1.6472792698785543
272,272,1.1259888956931647,1.6455446703999816
273,273,1.1259888956931647,1.643809643032727
274,274,1.1259888956931647,1.6420748091395976
275,275,1.1259888956931647,1.640339907643064
276,276,1.1259888956931647,1.638605241466772
277,277,1.1259888956931647,1.6368703525175332
278,278,1.1259888956931647,1.6351357176204795
279,279,1.1259888956931647,1.6334015958766728
280,280,1.1259888956931647,1.6316672219653259
281,281,1.1259888956931647,1.629932971629076
282,282,1.1259888956931647,1.646875151402998
283,283,1.1259888956931647,1.7250621854158557
284,284,1.1259888956931647,2.105205532329592
285,285,1.1259888956931647,2.1862875948868017
286,286,1.1259888956931647,2.184687827386617
287,287,1.1259888956931647,2.1831521058378676
288,288,1.1259888956931647,2.293543334398323
289,289,1.1259888956931647,2.952612992035432
290,290,1.1259888956931647,2.950760600502579
291,291,1.1259888956931647,2.9494544194611727
292,292,1.1259888956931647,3.0200334060069065
293,293,1.1259888956931647,3.047478088514371
294,294,1.1259888956931647,3.1269738519747095
295,295,1.1259888956931647,3.254609088091857
296,296,1.1259888956931647,3.2532824944956094
297,297,1.1259888956931647,3.265526559104024
298,298,1.1259888956931647,3.282291315781869
299,299,1.1259888956931647,3.2810763882645215
300,300,1.1259888956931647,3.2798800640854218
301,301,1.1259888956931647,3.30916179996339
302,302,1.1259888956931647,3.3079324605366085
303,303,1.1259888956931647,3.4501333346212184
304,304,1.1259888956931647,3.524707533665873
305,305,1.1259888956931647,3.523536451663626
306,306,1.1259888956931647,3.5224183456894074
307,307,1.1259888956931647,3.6276360457503847
308,308,1.1259888956931647,3.6264921298734394
309,309,1.1259888956931647,3.625418441526012
310,310,1.1259888956931647,3.640140484761009
311,311,1.1259888956931647,3.639059157466992
312,312,1.1259888956931647,3.6379915055888667
313,313,1.1259888956931647,3.636924677045513
314,314,1.1259888956931647,3.635856370727568
315,315,1.1259888956931647,3.6347907171374203
316,316,1.1259888956931647,3.633723283477359
317,317,1.1259888956931647,3.632655441887283
318,318,1.1259888956931647,3.631588663252766
319,319,1.1259888956931647,3.630523092100235
320,320,1.1259888956931647,3.62945691002675
321,321,1.1259888956931647,3.6283895370461248
322,322,1.1259888956931647,3.6273218885225433
323,323,1.1259888956931647,3.626254054440985
324,324,1.1259888956931647,3.6251865373743692
325,325,1.1259888956931647,3.624119412465578
326,326,1.1259888956931647,3.6230534593659205
327,327,1.1259888956931647,3.621986550218906
328,328,1.1259888956931647,3.6209191957309184
329,329,1.1259888956931647,3.619851462353483
330,330,1.1259888956931647,3.618784293918884
331,331,1.1259888956931647,3.6177172045269783
332,332,1.1259888956931647,3.6166493361156853
333,333,1.1259888956931647,3.6155823213016083
334,334,1.1259888956931647,3.6145145357045556
335,335,1.1259888956931647,3.6134466920665664
336,336,1.1259888956931647,3.612378556231045
337,337,1.1259888956931647,3.6113121125329
338,338,1.1259888956931647,3.6102452106244756
339,339,1.1259888956931647,3.609177312989203
340,340,1.1259888956931647,3.608109830124908
341,341,1.1259888956931647,3.607042351095526
342,342,1.1259888956931647,3.6059741823282905
343,343,1.1259888956931647,3.6049060202232304
344,344,1.1259888956931647,3.603838732563431
345,345,1.1259888956931647,3.602770465627345
346,346,1.1259888956931647,3.6017037251184907
347,347,1.1259888956931647,3.6006355496791342
348,348,1.1259888956931647,3.5995682780184604
349,349,1.1259888956931647,3.598500777749071
350,350,1.1259888956931647,3.5974337773693876
351,351,1.1259888956931647,3.596365916159821
352,352,1.1259888956931647,3.59529877581133
353,353,1.1259888956931647,3.594230759361362
354,354,1.1259888956931647,3.5931626200063227
355,355,1.1259888956931647,3.592094501896192
356,356,1.1259888956931647,3.591026034241952
357,357,1.1259888956931647,3.5899578106546106
358,358,1.1259888956931647,3.588889519027586
359,359,1.1259888956931647,3.5878213402048664
360,360,1.1259888956931647,3.5867525500537
361,361,1.1259888956931647,3.5962180172164806
362,362,1.1259888956931647,3.5951490206229915
363,363,1.1259888956931647,3.594091611642972
364,364,1.1259888956931647,3.5930341684796594
365,365,1.1259888956931647,3.5919778475528332
366,366,1.1259888956931647,3.5909206484319833
367,367,1.1259888956931647,3.589862861049722
368,368,1.1259888956931647,3.5888050772789533
369,369,1.1259888956931647,3.587747248039339
370,370,1.1259888956931647,3.586689845415303
371,371,1.1259888956931647,3.585633615029291
372,372,1.1259888956931647,3.5845764147503325
373,373,1.1259888956931647,3.583518712070156
374,374,1.1259888956931647,3.5846108230661047
375,375,1.1259888956931647,3.592672858014347
376,376,1.1259888956931647,3.5933618586837843
377,377,1.1259888956931647,3.5923687922440237
378,378,1.1259888956931647,3.5913756600793505
379,379,1.1259888956931647,3.593347646609542
380,380,1.1259888956931647,3.610958717715864
381,381,1.1259888956931647,3.6100745561149754
382,382,1.1259888956931647,3.609189805623861
383,383,1.1259888956931647,3.609871195237025
384,384,1.1259888956931647,3.6089949967544146
385,385,1.1259888956931647,3.6101910349729316
386,386,1.1259888956931647,3.6136425053803736
387,387,1.1259888956931647,3.6127975124637453
388,388,1.1259888956931647,3.611952542563186
389,389,1.1259888956931647,3.6111076685664862
390,390,1.1259888956931647,3.6102630268209746
391,391,1.1259888956931647,3.609420050639079
392,392,1.1259888956931647,3.609407774403848
393,393,1.1259888956931647,3.6085678921691127
394,394,1.1259888956931647,3.61029152272684
395,395,1.1259888956931647,3.6109803819537847
396,396,1.1259888956931647,3.610162162413539
397,397,1.1259888956931647,3.6093438531935167
398,398,1.1259888956931647,3.6099952935778696
399,399,1.1259888956931647,3.6091852148151156
400,400,1.1259888956931647,3.6083753063282002
401,401,1.1259888956931647,3.6075655336549928
402,402,1.1259888956931647,3.606756838489187
403,403,1.1259888956931647,3.6068163584324386
404,404,1.1259888956931647,3.608281243107567
405,405,1.1259888956931647,3.6167202566762997
406,406,1.1259888956931647,3.618174159879641
407,407,1.1259888956931647,3.617462992470472
408,408,1.1259888956931647,3.6167524283169525
409,409,1.1259888956931647,3.619226036185991
410,410,1.1259888956931647,3.6348214571454522
411,411,1.1259888956931647,3.634242765392895
412,412,1.1259888956931647,3.6336638390545977
413,413,1.1259888956931647,3.634617088547324
414,414,1.1259888956931647,3.635879904732104
415,415,1.1259888956931647,3.637350647592676
416,416,1.1259888956931647,3.641122034356685
417,417,1.1259888956931647,3.64060861302683
418,418,1.1259888956931647,3.640814174056702
419,419,1.1259888956931647,3.6416959561595768
420,420,1.1259888956931647,3.6411970055752407
421,421,1.1259888956931647,3.640697984150754
422,422,1.1259888956931647,3.6422570845363835
423,423,1.1259888956931647,3.6417723542454943
424,424,1.1259888956931647,3.6456807974210745
425,425,1.1259888956931647,3.646856351503567
426,426,1.1259888956931647,3.6464135390219785
427,427,1.1259888956931647,3.645970764742069
428,428,1.1259888956931647,3.647810579346806
429,429,1.1259888956931647,3.647383423117545
430,430,1.1259888956931647,3.646956109369206
431,431,1.1259888956931647,3.6474520370496313
432,432,1.1259888956931647,3.647031167187175
433,433,1.1259888956931647,3.646610297307061
434,434,1.1259888956931647,3.6503492219426814
435,435,1.1259888956931647,3.679156681055709
436,436,1.1259888956931647,3.684298249605116
437,437,1.1259888956931647,3.683044412042947
438,438,1.1259888956931647,3.681704393415575
439,439,1.1259888956931647,3.686326843186278
440,440,1.1259888956931647,3.743752905950263
441,441,1.1259888956931647,3.7417828471914474
442,442,1.1259888956931647,3.7390286683883254
443,443,1.1259888956931647,3.741117343242072
444,444,1.1259888956931647,3.738321265942298
445,445,1.1259888956931647,3.7399636500352433
446,446,1.1259888956931647,3.7473699787592953
447,447,1.1259888956931647,3.744267759459561
448,448,1.1259888956931647,3.7410103931705176
449,449,1.1259888956931647,3.737753258417474
450,450,1.1259888956931647,3.7344961493881472
451,451,1.1259888956931647,3.731238563513844
452,452,1.1259888956931647,3.729048578994118
453,453,1.1259888956931647,3.7257482393070283
454,454,1.1259888956931647,3.729589994986623
455,455,1.1259888956931647,3.7306400881986037
456,456,1.1259888956931647,3.7272212039562844
457,457,1.1259888956931647,3.7237985266855174
458,458,1.1259888956931647,3.725712017621303
459,459,1.1259888956931647,3.722255047871136
460,460,1.1259888956931647,3.7187902222605427
461,461,1.1259888956931647,3.71532541399375
462,462,1.1259888956931647,3.711860547848084
463,463,1.1259888956931647,3.70839524851486
464,464,1.1259888956931647,3.704929792555089
465,465,1.1259888956931647,3.701464275768408
466,466,1.1259888956931647,3.6979990382257752
467,467,1.1259888956931647,3.6945332749922155
468,468,1.1259888956931647,3.6910674801618155
469,469,1.1259888956931647,3.6876016371314453
470,470,1.1259888956931647,3.6841362239209507
471,471,1.1259888956931647,3.680671025939899
472,472,1.1259888956931647,3.6772060253238985
473,473,1.1259888956931647,3.6737407600041316
474,474,1.1259888956931647,3.6702750129562367
475,475,1.1259888956931647,3.6668094800420135
476,476,1.1259888956931647,3.663344264066265
477,477,1.1259888956931647,3.659878967513132
478,478,1.1259888956931647,3.6564143872641064
479,479,1.1259888956931647,3.6529488712305525
480,480,1.1259888956931647,3.6494834410465384
481,481,1.1259888956931647,3.646018114704853
482,482,1.1259888956931647,3.6425530923691785
483,483,1.1259888956931647,3.639087876964933
484,484,1.1259888956931647,3.635622661408126
485,485,1.1259888956931647,3.6321575142201272
486,486,1.1259888956931647,3.628692221196866
487,487,1.1259888956931647,3.6252271312959965
488,488,1.1259888956931647,3.6217624162102653
489,489,1.1259888956931647,3.618298141498489
490,490,1.1259888956931647,3.6148330954668215
491,491,1.1259888956931647,3.6113687466448847
492,492,1.1259888956931647,3.6557555426111796
493,493,1.1259888956931647,3.6522896781678296
494,494,1.1259888956931647,3.648824094540763
495,495,1.1259888956931647,3.645359077598841
496,496,1.1259888956931647,3.6418936061864966
497,497,1.1259888956931647,3.638427595584005
498,498,1.1259888956931647,3.634961526441017
499,499,1.1259888956931647,3.6314962113120233
500,500,1.1259888956931647,3.628030181575386
501,501,1.1259888956931647,3.6245642589011333
502,502,1.1259888956931647,3.6210988311772154
503,503,1.1259888956931647,3.61763381231941
504,504,1.1259888956931647,3.6141683437179317
505,505,1.1259888956931647,3.6107047293217427
506,506,1.1259888956931647,3.6072394684432068
507,507,1.1259888956931647,3.603774939652397
508,508,1.1259888956931647,3.6003106301962964
509,509,1.1259888956931647,3.5968452937211053
510,510,1.1259888956931647,3.5933796751723706
511,511,1.1259888956931647,3.5899143144095915
512,512,1.1259888956931647,3.606882813369827
513,513,1.1259888956931647,3.6033412785854697
514,514,1.1259888956931647,3.5997661778969485
515,515,1.1259888956931647,3.596190696806061
516,516,1.1259888956931647,3.5926151884203583
517,517,1.1259888956931647,3.5890396571098173
518,518,1.1259888956931647,3.5854639128677896
519,519,1.1259888956931647,3.5818883495413614
520,520,1.1259888956931647,3.5783129434330063
521,521,1.1259888956931647,3.5747373434895753
522,522,1.1259888956931647,3.5711620967218525
523,523,1.1259888956931647,3.5675868227680674
524,524,1.1259888956931647,3.5640110067991646
525,525,1.1259888956931647,3.5604353891302383
526,526,1.1259888956931647,3.556859570049716
527,527,1.1259888956931647,3.5532834798174626
528,528,1.1259888956931647,3.5497082499616277
529,529,1.1259888956931647,3.546132273568846
530,530,1.1259888956931647,3.54255653707021
531,531,1.1259888956931647,3.538980888013462
532,532,1.1259888956931647,3.5354050406588153
533,533,1.1259888956931647,3.531829558603995
534,534,1.1259888956931647,3.5282542083306354
535,535,1.1259888956931647,3.5246786871895535
536,536,1.1259888956931647,3.5211032467780328
537,537,1.1259888956931647,3.51752741873571
538,538,1.1259888956931647,3.5139516227536407
539,539,1.1259888956931647,3.5103760700712647
540,540,1.1259888956931647,3.506801017157968
541,541,1.1259888956931647,3.503225865003258
542,542,1.1259888956931647,3.4996507374209345
543,543,1.1259888956931647,3.4992857509858943
544,544,1.1259888956931647,3.4957257780747466
545,545,1.1259888956931647,3.4979396451385454
546,546,1.1259888956931647,3.4969485143765096
547,547,1.1259888956931647,3.4934277672686025
548,548,1.1259888956931647,3.4899065620870706
549,549,1.1259888956931647,3.488057384695286
550,550,1.1259888956931647,3.484544157074044
551,551,1.1259888956931647,3.4810313764983754
552,552,1.1259888956931647,3.4775187886928736
553,553,1.1259888956931647,3.4740061041557855
554,554,1.1259888956931647,3.47049343473905
555,555,1.1259888956931647,3.4804139352409087
556,556,1.1259888956931647,3.5338507366897236
557,557,1.1259888956931647,3.541022609279731
558,558,1.1259888956931647,3.53764397903644
559,559,1.1259888956931647,3.534265204217727
560,560,1.1259888956931647,3.549411425489621
561,561,1.1259888956931647,3.662234421145891
562,562,1.1259888956931647,3.6590786535363335
563,563,1.1259888956931647,3.655922840212646
564,564,1.1259888956931647,3.6625524440849158
565,565,1.1259888956931647,3.7500964956334752
566,566,1.1259888956931647,4.128674598731578
567,567,1.1259888956931647,4.239924297074083
568,568,1.1259888956931647,4.237218782724039
569,569,1.1259888956931647,4.234513115961235
570,570,1.1259888956931647,4.3590376622599685
571,571,1.1259888956931647,4.800178196571467
572,572,1.1259888956931647,4.79797800084151
573,573,1.1259888956931647,4.797890408321071
574,574,1.1259888956931647,4.839369261788133
575,575,1.1259888956931647,4.85132562797147
576,576,1.1259888956931647,4.91573473973845
577,577,1.1259888956931647,5.036630257207312
578,578,1.1259888956931647,5.034686831824231
579,579,1.1259888956931647,5.043299699136706
580,580,1.1259888956931647,5.04137487687802
581,581,1.1259888956931647,5.039449710112683
582,582,1.1259888956931647,5.0375244274356445
583,583,1.1259888956931647,5.053460262260837
584,584,1.1259888956931647,5.051552020533893
585,585,1.1259888956931647,5.104629663970448
586,586,1.1259888956931647,5.13527950924611
587,587,1.1259888956931647,5.133454095325493
588,588,1.1259888956931647,5.131628572625287
589,589,1.1259888956931647,5.1613217124066875
590,590,1.1259888956931647,5.159525939166623
591,591,1.1259888956931647,5.157730304520725
592,592,1.1259888956931647,5.155934775697851
593,593,1.1259888956931647,5.154139052550229
594,594,1.1259888956931647,5.152343524590562
595,595,1.1259888956931647,5.182172712331323
596,596,1.1259888956931647,5.403087932207135
597,597,1.1259888956931647,5.446859719607295
598,598,1.1259888956931647,5.445583128901637
599,599,1.1259888956931647,5.444306501142377
600,600,1.1259888956931647,5.48836076484225
601,601,1.1259888956931647,5.938428315233712
602,602,1.1259888956931647,5.936400428944579
603,603,1.1259888956931647,5.9401742015413275
604,604,1.1259888956931647,5.9763409194494574
605,605,1.1259888956931647,5.975246641937991
606,606,1.1259888956931647,6.008850647684022
607,607,1.1259888956931647,6.0871158235709215
608,608,1.1259888956931647,6.086014430078152
609,609,1.1259888956931647,6.085099226785712
610,610,1.1259888956931647,6.084183766169344
611,611,1.1259888956931647,6.083269201028362
612,612,1.1259888956931647,6.082354505434888
613,613,1.1259888956931647,6.08143985422048
614,614,1.1259888956931647,6.080525176525592
615,615,1.1259888956931647,6.079610521276724
616,616,1.1259888956931647,6.0786956744202305
617,617,1.1259888956931647,6.077780604790323
618,618,1.1259888956931647,6.076865581877875
619,619,1.1259888956931647,6.07595075421758
620,620,1.1259888956931647,6.0750359451470235
621,621,1.1259888956931647,6.074121005494161
622,622,1.1259888956931647,6.073206060971001
623,623,1.1259888956931647,6.072291025084942
624,624,1.1259888956931647,6.0713759505745
625,625,1.1259888956931647,6.070461070525879
626,626,1.1259888956931647,6.069546003440649
627,627,1.1259888956931647,6.0686309123777145
628,628,1.1259888956931647,6.067715622307239
629,629,1.1259888956931647,6.0668003624985065
630,630,1.1259888956931647,6.065885035376534
631,631,1.1259888956931647,6.0649701136261065
632,632,1.1259888956931647,6.06405616816437
633,633,1.1259888956931647,6.063140877909126
634,634,1.1259888956931647,6.062225560726093
635,635,1.1259888956931647,6.061310254314178
636,636,1.1259888956931647,6.060394774045356
637,637,1.1259888956931647,6.059480108838333
638,638,1.1259888956931647,6.058565874222155
639,639,1.1259888956931647,6.05765028640019
640,640,1.1259888956931647,6.056735432892918
641,641,1.1259888956931647,6.055819762033914
642,642,1.1259888956931647,6.054905083162393
643,643,1.1259888956931647,6.1744954521850435
644,644,1.1259888956931647,6.173503857630554
645,645,1.1259888956931647,6.172634065723387
646,646,1.1259888956931647,6.171764735901005
647,647,1.1259888956931647,6.1708957506608595
648,648,1.1259888956931647,6.1700261302082735
649,649,1.1259888956931647,6.169156882793846
650,650,1.1259888956931647,6.168287536637681
651,651,1.1259888956931647,6.167417667437689
652,652,1.1259888956931647,6.166547750764494
653,653,1.1259888956931647,6.165677509412546
654,654,1.1259888956931647,6.164807042247242
655,655,1.1259888956931647,6.163936785346518
656,656,1.1259888956931647,6.163066976542182
657,657,1.1259888956931647,6.162197086667182
658,658,1.1259888956931647,6.161327234802787
659,659,1.1259888956931647,6.160457122160874
660,660,1.1259888956931647,6.159586408857185
661,661,1.1259888956931647,6.1587159618406035
662,662,1.1259888956931647,6.157845545207925
663,663,1.1259888956931647,6.156974817103104
664,664,1.1259888956931647,6.15610433672804
665,665,1.1259888956931647,6.155233698289086
666,666,1.1259888956931647,6.1543628955427
667,667,1.1259888956931647,6.153493679877902
668,668,1.1259888956931647,6.152624405084259
669,669,1.1259888956931647,6.151754905029057
670,670,1.1259888956931647,6.15088480543633
671,671,1.1259888956931647,6.1500160684812535
672,672,1.1259888956931647,6.14914670024801
673,673,1.1259888956931647,6.148278090233142
674,674,1.1259888956931647,6.147408987424291
675,675,1.1259888956931647,6.146539323040643
676,676,1.1259888956931647,6.145671066118458
677,677,1.1259888956931647,6.144801143212733
678,678,1.1259888956931647,6.143931962021314
679,679,1.1259888956931647,6.143065022729537
680,680,1.1259888956931647,6.142196901767401
681,681,1.1259888956931647,6.141329159003193
682,682,1.1259888956931647,6.140462101090389
683,683,1.1259888956931647,6.1395926529726355
684,684,1.1259888956931647,6.138723099175524
685,685,1.1259888956931647,6.137852264191708
686,686,1.1259888956931647,6.136982529631162
687,687,1.1259888956931647,6.136112638328984
688,688,1.1259888956931647,6.1352434897477846
689,689,1.1259888956931647,6.134375068398981
690,690,1.1259888956931647,6.13350572886582
691,691,1.1259888956931647,6.132635956510071
692,692,1.1259888956931647,6.131767257691753
693,693,1.1259888956931647,6.130898041484049
694,694,1.1259888956931647,6.130028684997814
695,695,1.1259888956931647,6.129160326155331
696,696,1.1259888956931647,6.1282912185968605
697,697,1.1259888956931647,6.127423898772449
698,698,1.1259888956931647,6.126555586441601
699,699,1.1259888956931647,6.1256865406957095
700,700,1.1259888956931647,6.124817844359781
701,701,1.1259888956931647,6.123950905068003
702,702,1.1259888956931647,6.1230829042866874
703,703,1.1259888956931647,6.122215155693343
704,704,1.1259888956931647,6.121346555779895
705,705,1.1259888956931647,6.120477254179099
706,706,1.1259888956931647,6.1196087554470555
707,707,1.1259888956931647,6.118740388149139
708,708,1.1259888956931647,6.117871899523481
709,709,1.1259888956931647,6.117003802355356
710,710,1.1259888956931647,6.116135169474871
711,711,1.1259888956931647,6.115267364189031
712,712,1.1259888956931647,6.114400397024036
713,713,1.1259888956931647,6.113533028961617
714,714,1.1259888956931647,6.11266501028941
715,715,1.1259888956931647,6.111798070997633
716,716,1.1259888956931647,6.110931131705854
717,717,1.1259888956931647,6.11006345965854
718,718,1.1259888956931647,6.109194751477124
719,719,1.1259888956931647,6.108326155566573
720,720,1.1259888956931647,6.107456722495844
721,721,1.1259888956931647,6.151364023213683
722,722,1.1259888956931647,6.184063915344023
723,723,1.1259888956931647,6.18327471853326
724,724,1.1259888956931647,6.182523881302534
725,725,1.1259888956931647,6.184755769403077
726,726,1.1259888956931647,6.184004281627677
727,727,1.1259888956931647,6.186858245046786
728,728,1.1259888956931647,6.193853894490962
729,729,1.1259888956931647,6.193117740708083
730,730,1.1259888956931647,6.192383607499647
731,731,1.1259888956931647,6.191650334394947
732,732,1.1259888956931647,6.19091675829194
733,733,1.1259888956931647,6.190183080409538
734,734,1.1259888956931647,6.190696495651692
735,735,1.1259888956931647,6.189975056182167
736,736,1.1259888956931647,6.189253861990719
737,737,1.1259888956931647,6.188533328083761
738,738,1.1259888956931647,6.187812850561319
739,739,1.1259888956931647,6.187092692802594
740,740,1.1259888956931647,6.1863716585152515
741,741,1.1259888956931647,6.185650920061105
742,742,1.1259888956931647,6.184929341560907
743,743,1.1259888956931647,6.184207954515759
744,744,1.1259888956931647,6.183486283610522
745,745,1.1259888956931647,6.182764294804695
746,746,1.1259888956931647,6.182043684189395
747,747,1.1259888956931647,6.1813218711371425
748,748,1.1259888956931647,6.180599880075383
749,749,1.1259888956931647,6.179878011847931
750,750,1.1259888956931647,6.179156012510893
751,751,1.1259888956931647,6.1784337722653335
752,752,1.1259888956931647,6.177711579154411
753,753,1.1259888956931647,6.1769892316316115
754,754,1.1259888956931647,6.1762670464359015
755,755,1.1259888956931647,6.17554445680716
756,756,1.1259888956931647,6.17482272820694
757,757,1.1259888956931647,6.174102004300379
758,758,1.1259888956931647,6.173380845275857
759,759,1.1259888956931647,6.172659690589907
760,760,1.1259888956931647,6.171939168124728
761,761,1.1259888956931647,6.1712177605438026
762,762,1.1259888956931647,6.1704962285216505
763,763,1.1259888956931647,6.169774723135783
764,764,1.1259888956931647,6.172373070353495
765,765,1.1259888956931647,6.171679420199183
766,766,1.1259888956931647,6.170984958379396
767,767,1.1259888956931647,6.170291818442544
768,768,1.1259888956931647,6.169597758090841
769,769,1.1259888956931647,6.168903038266484
770,770,1.1259888956931647,6.168208389313322
771,771,1.1259888956931647,6.167515249376469
772,772,1.1259888956931647,6.166820841287927
773,773,1.1259888956931647,6.166126157846357
774,774,1.1259888956931647,6.165430670861454
775,775,1.1259888956931647,6.164735508444723
776,776,1.1259888956931647,6.16404010881
777,777,1.1259888956931647,6.16334467837701
778,778,1.1259888956931647,6.162649716140866
779,779,1.1259888956931647,6.1619546588752065
780,780,1.1259888956931647,6.161259548710422
781,781,1.1259888956931647,6.160564592948325
782,782,1.1259888956931647,6.159869640030191
783,783,1.1259888956931647,6.159175667301628
784,784,1.1259888956931647,6.158481551347479
785,785,1.1259888956931647,6.157787771776012
786,786,1.1259888956931647,6.157092716355838
787,787,1.1259888956931647,6.156397030635989
788,788,1.1259888956931647,6.155702598995083
789,789,1.1259888956931647,6.155008218434181
790,790,1.1259888956931647,6.154313510493363
791,791,1.1259888956931647,6.153618169876125
792,792,1.1259888956931647,6.152922684469005
793,793,1.1259888956931647,6.152227448076609
794,794,1.1259888956931647,6.1676484736442045
795,795,1.1259888956931647,6.166861874646591
796,796,1.1259888956931647,6.16594765041456
797,797,1.1259888956931647,6.165031764961179
798,798,1.1259888956931647,6.164115690473523
799,799,1.1259888956931647,6.163201126243101
800,800,1.1259888956931647,6.16228563714027
801,801,1.1259888956931647,6.161371443600725
802,802,1.1259888956931647,6.160456165965017
803,803,1.1259888956931647,6.159540306499544
804,804,1.1259888956931647,6.158624485368026
805,805,1.1259888956931647,6.157709758713896
806,806,1.1259888956931647,6.156793438447622
807,807,1.1259888956931647,6.155876961394897
808,808,1.1259888956931647,6.154960766767849
809,809,1.1259888956931647,6.154044353358359
810,810,1.1259888956931647,6.153127770920352
811,811,1.1259888956931647,6.152211576608347
812,812,1.1259888956931647,6.151295385412844
813,813,1.1259888956931647,6.15037952113879
814,814,1.1259888956931647,6.149462839835689
815,815,1.1259888956931647,6.148547358004822
816,816,1.1259888956931647,6.1476321457019925
817,817,1.1259888956931647,6.146716139567231
818,818,1.1259888956931647,6.145799693509248
819,819,1.1259888956931647,6.1448836960821565
820,820,1.1259888956931647,6.143967406003688
821,821,1.1259888956931647,6.14305182636868
822,822,1.1259888956931647,6.142135897221586
823,823,1.1259888956931647,6.141219811501419
824,824,1.1259888956931647,6.140304809112638
825,825,1.1259888956931647,6.139388293221692
826,826,1.1259888956931647,6.138474164794859
827,827,1.1259888956931647,6.1375580600806625
828,828,1.1259888956931647,6.136641974722764
829,829,1.1259888956931647,6.135727161657836
830,830,1.1259888956931647,6.134811191844338
831,831,1.1259888956931647,6.133895445996136
832,832,1.1259888956931647,6.132979556047633
833,833,1.1259888956931647,6.132063588787017
834,834,1.1259888956931647,6.131147665814829
835,835,1.1259888956931647,6.130231738293146
836,836,1.1259888956931647,6.129316567107527
837,837,1.1259888956931647,6.12840051565135
838,838,1.1259888956931647,6.127486220265538
839,839,1.1259888956931647,6.126570977615157
840,840,1.1259888956931647,6.1256558825904595
841,841,1.1259888956931647,6.124739568457217
842,842,1.1259888956931647,6.123823536312652
843,843,1.1259888956931647,6.1229069456914775
844,844,1.1259888956931647,6.121990497658158
845,845,1.1259888956931647,6.121074319248294
846,846,1.1259888956931647,6.120158682229381
847,847,1.1259888956931647,6.119242506236597
848,848,1.1259888956931647,6.118325844332986
849,849,1.1259888956931647,6.117410012185716
850,850,1.1259888956931647,6.116493596898917
851,851,1.1259888956931647,6.11557719325601
852,852,1.1259888956931647,6.633146960852423
853,853,1.1259888956931647,6.987781238000424
854,854,1.1259888956931647,6.986865257121738
855,855,1.1259888956931647,6.985949224764474
856,856,1.1259888956931647,7.024158420313335
857,857,1.1259888956931647,7.023242763349057
858,858,1.1259888956931647,7.0662974337059214
859,859,1.1259888956931647,7.135555681006965
860,860,1.1259888956931647,7.13464025100171
861,861,1.1259888956931647,7.133724912513414
862,862,1.1259888956931647,7.13280953008133
863,863,1.1259888956931647,7.131894290831898
864,864,1.1259888956931647,7.13097867789086
865,865,1.1259888956931647,7.130063069719393
866,866,1.1259888956931647,7.129147564892743
867,867,1.1259888956931647,7.128232298303517
868,868,1.1259888956931647,7.127316727593238
869,869,1.1259888956931647,7.126401416964023
870,870,1.1259888956931647,7.125486188562927
871,871,1.1259888956931647,7.12457077957431
872,872,1.1259888956931647,7.251995905557822
873,873,1.1259888956931647,7.355733556342369
874,874,1.1259888956931647,7.353824538484979
875,875,1.1259888956931647,7.35178196689417
876,876,1.1259888956931647,7.3570619541374125
877,877,1.1259888956931647,7.354984559573186
878,878,1.1259888956931647,7.3625757382865515
879,879,1.1259888956931647,7.387838911456297
880,880,1.1259888956931647,7.385622396644592
881,881,1.1259888956931647,7.383384978774421
882,882,1.1259888956931647,7.381147469156623
883,883,1.1259888956931647,7.378909495337439
884,884,1.1259888956931647,7.376671371645086
885,885,1.1259888956931647,7.37443327864181
886,886,1.1259888956931647,7.372195260619841
887,887,1.1259888956931647,7.369957179781445
888,888,1.1259888956931647,7.3677192804547875
889,889,1.1259888956931647,7.365481135551211
890,890,1.1259888956931647,7.363242796149096
891,891,1.1259888956931647,7.36100460923335
892,892,1.1259888956931647,7.3587663772478695
893,893,1.1259888956931647,7.3565285932627065
894,894,1.1259888956931647,7.354290933914275
895,895,1.1259888956931647,7.352052717783238
896,896,1.1259888956931647,7.3498145298985325
897,897,1.1259888956931647,7.347576075904518
898,898,1.1259888956931647,7.345337849258293
899,899,1.1259888956931647,7.343099769502755
900,900,1.1259888956931647,7.340861529356123
901,901,1.1259888956931647,7.3386236613990965
902,902,1.1259888956931647,7.336385862365236
903,903,1.1259888956931647,7.33414809249128
904,904,1.1259888956931647,7.3319101833364915
905,905,1.1259888956931647,7.329671813456805
906,906,1.1259888956931647,7.327433763577378
907,907,1.1259888956931647,7.325195397801651
908,908,1.1259888956931647,7.322956990580309
909,909,1.1259888956931647,7.320718866313358
910,910,1.1259888956931647,7.318480744306229
911,911,1.1259888956931647,7.31624263093
912,912,1.1259888956931647,7.31400469263422
913,913,1.1259888956931647,7.311766369961438
914,914,1.1259888956931647,7.309528051961464
915,915,1.1259888956931647,7.353573396901747
916,916,1.1259888956931647,7.351394161057118
917,917,1.1259888956931647,7.349215023348769
918,918,1.1259888956931647,7.34703612498911
919,919,1.1259888956931647,7.344857021083958
920,920,1.1259888956931647,7.342678002277602
921,921,1.1259888956931647,7.340498438126114
922,922,1.1259888956931647,7.338318909447857
923,923,1.1259888956931647,7.336139694175161
924,924,1.1259888956931647,7.333960743573408
925,925,1.1259888956931647,7.476599267597567
926,926,1.1259888956931647,7.474523927328746
927,927,1.1259888956931647,7.472448728022801
928,928,1.1259888956931647,7.470373483523211
929,929,1.1259888956931647,7.4682986915118095
930,930,1.1259888956931647,7.466223800953695
931,931,1.1259888956931647,7.4641492788388915
932,932,1.1259888956931647,7.462074383119057
933,933,1.1259888956931647,7.459999397493244
934,934,1.1259888956931647,7.457923698040287
935,935,1.1259888956931647,7.4558480065701245
936,936,1.1259888956931647,7.453772821303195
937,937,1.1259888956931647,7.451697539172101
938,938,1.1259888956931647,7.4496224735826235
939,939,1.1259888956931647,7.4475470341861945
940,940,1.1259888956931647,7.445471003650389
941,941,1.1259888956931647,7.443394690903398
942,942,1.1259888956931647,7.4413182651371965
943,943,1.1259888956931647,7.439241716330913
944,944,1.1259888956931647,7.437165043708471
945,945,1.1259888956931647,7.435088444801611
946,946,1.1259888956931647,7.4330123959241
947,947,1.1259888956931647,7.4309363968221405
948,948,1.1259888956931647,7.428859886298976
949,949,1.1259888956931647,7.426783777156933
950,950,1.1259888956931647,7.424707625539851
951,951,1.1259888956931647,7.422631567204833
952,952,1.1259888956931647,7.420555450983618
953,953,1.1259888956931647,7.418480506460986
954,954,1.1259888956931647,7.416404917944147
955,955,1.1259888956931647,7.456338485988417
956,956,1.1259888956931647,7.454363144675504
957,957,1.1259888956931647,7.452387722999844
958,958,1.1259888956931647,7.4504125089649955
959,959,1.1259888956931647,7.448437851623007
960,960,1.1259888956931647,7.446464920132026
961,961,1.1259888956931647,7.444491868095568
962,962,1.1259888956931647,7.442518049994637
963,963,1.1259888956931647,7.460879005689502
964,964,1.1259888956931647,7.4757541520180775
965,965,1.1259888956931647,7.47413314703621
966,966,1.1259888956931647,7.4725120276935675
967,967,1.1259888956931647,7.4720514702274885
968,968,1.1259888956931647,7.4704416780507366
969,969,1.1259888956931647,7.470366479331626
970,970,1.1259888956931647,7.473112524065353
971,971,1.1259888956931647,7.471558849700444
972,972,1.1259888956931647,7.470005295918588
973,973,1.1259888956931647,7.4684516700602055
974,974,1.1259888956931647,7.466898039150007
975,975,1.1259888956931647,7.465344311398998
976,976,1.1259888956931647,7.463790411998499
977,977,1.1259888956931647,7.462237126321484
978,978,1.1259888956931647,7.460683151480862
979,979,1.1259888956931647,7.459129082767429
980,980,1.1259888956931647,7.457574927381535
981,981,1.1259888956931647,7.456020705869088
982,982,1.1259888956931647,7.454466830042164
983,983,1.1259888956931647,7.452912989040265
984,984,1.1259888956931647,7.451359205512653
985,985,1.1259888956931647,7.449805183555943
986,986,1.1259888956931647,7.448251217243623
987,987,1.1259888956931647,7.446697303806618
988,988,1.1259888956931647,7.445143577937243
989,989,1.1259888956931647,7.443589980598232
990,990,1.1259888956931647,7.442036592987271
991,991,1.1259888956931647,7.440330864688624
992,992,1.1259888956931647,7.438694924786304
993,993,1.1259888956931647,7.437058874016957
994,994,1.1259888956931647,7.435423088364344
995,995,1.1259888956931647,7.433787002621053
996,996,1.1259888956931647,7.432150869743795
997,997,1.1259888956931647,7.430515051323677
998,998,1.1259888956931647,7.428878492483022
999,999,1.1259888956931647,7.427242201447891
1000,1000,1.1259888956931647,7.42560573392272
1001,1001,1.1259888956931647,7.4239693536371085
1002,1002,1.1259888956931647,7.422332833965097
1003,1003,1.1259888956931647,7.864089916262846
1004,1004,1.1259888956931647,8.166082962345312
1005,1005,1.1259888956931647,8.164431167430209
1006,1006,1.1259888956931647,8.16331568521542
1007,1007,1.1259888956931647,8.195658551921204
1008,1008,1.1259888956931647,8.194518037758684
1009,1009,1.1259888956931647,8.231032913851577
1010,1010,1.1259888956931647,8.2899243247381
1011,1011,1.1259888956931647,8.288776491199288
1012,1012,1.1259888956931647,8.287748880615462
1013,1013,1.1259888956931647,8.286720593121744
1014,1014,1.1259888956931647,8.285692566293669
1015,1015,1.1259888956931647,8.28466471062235
1016,1016,1.1259888956931647,8.283636315421479
1017,1017,1.1259888956931647,8.282607957457397
1018,1018,1.1259888956931647,8.281579788295161
1019,1019,1.1259888956931647,8.280551352089859
1020,1020,1.1259888956931647,8.279523663126811
1021,1021,1.1259888956931647,8.278495241463862
1022,1022,1.1259888956931647,8.27746716934159
1023,1023,1.1259888956931647,8.276438709281015
1024,1024,1.1259888956931647,8.275412264670278
1025,1025,1.1259888956931647,8.274384262291006
1026,1026,1.1259888956931647,8.27335781768027
1027,1027,1.1259888956931647,8.272331062397587
1028,1028,1.1259888956931647,8.271303117970513
1029,1029,1.1259888956931647,8.270276030933392
1030,1030,1.1259888956931647,8.269248165978137
1031,1031,1.1259888956931647,8.268220420172915
1032,1032,1.1259888956931647,8.267192484172734
1033,1033,1.1259888956931647,8.266163758919419
1034,1034,1.1259888956931647,8.26513562776033
1035,1035,1.1259888956931647,8.264108553556913
1036,1036,1.1259888956931647,8.263080270904265
1037,1037,1.1259888956931647,8.26205252226011
1038,1038,1.1259888956931647,8.26102509961787
1039,1039,1.1259888956931647,8.259997498178851
1040,1040,1.1259888956931647,8.258971009560831
1041,1041,1.1259888956931647,8.257942533603725
1042,1042,1.1259888956931647,8.25691527096314
1043,1043,1.1259888956931647,8.25588812398916
1044,1044,1.1259888956931647,8.254861604634447
1045,1045,1.1259888956931647,8.253835160023714
1046,1046,1.1259888956931647,8.252808602709743
1047,1047,1.1259888956931647,8.251780410152483
1048,1048,1.1259888956931647,8.250752317078101
1049,1049,1.1259888956931647,8.249725751600254
1050,1050,1.1259888956931647,8.248697324442173
1051,1051,1.1259888956931647,8.24766976711283
1052,1052,1.1259888956931647,8.246642810001404
1053,1053,1.1259888956931647,8.24561630888812
1054,1054,1.1259888956931647,8.24458818376808
1055,1055,1.1259888956931647,8.243560282999297
1056,1056,1.1259888956931647,8.242532758570727
1057,1057,1.1259888956931647,8.241505041236136
1058,1058,1.1259888956931647,8.240477774249323
1059,1059,1.1259888956931647,8.239449385767047
1060,1060,1.1259888956931647,8.238422864440004
1061,1061,1.1259888956931647,8.237396263695862
1062,1062,1.1259888956931647,8.236369350726765
1063,1063,1.1259888956931647,8.235341105515024
1064,1064,1.1259888956931647,8.234312630077692
1065,1065,1.1259888956931647,8.23328352033289
1066,1066,1.1259888956931647,8.232255265371986
1067,1067,1.1259888956931647,8.231227544374761
1068,1068,1.1259888956931647,8.230199643339615
1069,1069,1.1259888956931647,8.229172718418504
1070,1070,1.1259888956931647,8.228144642233538
1071,1071,1.1259888956931647,8.227116427753709
1072,1072,1.1259888956931647,8.226087413562457
1073,1073,1.1259888956931647,8.225058254322057
1074,1074,1.1259888956931647,8.224030391109812
1075,1075,1.1259888956931647,8.223003946499077
1076,1076,1.1259888956931647,8.2219759546276
1077,1077,1.1259888956931647,8.220947230238487
1078,1078,1.1259888956931647,8.219918595938442
1079,1079,1.1259888956931647,8.218889476590357
1080,1080,1.1259888956931647,8.217860607177451
1081,1081,1.1259888956931647,8.218516055220784
1082,1082,1.1259888956931647,8.217499467855156
1083,1083,1.1259888956931647,8.216483145996357
1084,1084,1.1259888956931647,8.215466311040013
1085,1085,1.1259888956931647,8.214449181824966
1086,1086,1.1259888956931647,8.213432401570103
1087,1087,1.1259888956931647,8.212415422010292
1088,1088,1.1259888956931647,8.211399012935964
1089,1089,1.1259888956931647,8.210383484087886
1090,1090,1.1259888956931647,8.209368468731022
1091,1091,1.1259888956931647,8.208352434174534
1092,1092,1.1259888956931647,8.207336470057996
1093,1093,1.1259888956931647,8.206321202944466
1094,1094,1.1259888956931647,8.22034860859489
1095,1095,1.1259888956931647,8.23167552306191
1096,1096,1.1259888956931647,8.230866590595749
1097,1097,1.1259888956931647,8.230058630387179
1098,1098,1.1259888956931647,8.230280998121836
1099,1099,1.1259888956931647,8.229479398804305
1100,1100,1.1259888956931647,8.23004151816852
1101,1101,1.1259888956931647,8.232090901461143
1102,1102,1.1259888956931647,8.23132205361152
1103,1103,1.1259888956931647,8.230552830369458
1104,1104,1.1259888956931647,8.229783562117744
1105,1105,1.1259888956931647,8.229014439606896
1106,1106,1.1259888956931647,8.228245257526474
1107,1107,1.1259888956931647,8.227476163084953
1108,1108,1.1259888956931647,8.226707623631471
1109,1109,1.1259888956931647,8.22593860925552
1110,1110,1.1259888956931647,8.225169229546637
1111,1111,1.1259888956931647,8.22803468657826
1112,1112,1.1259888956931647,8.227291842292146
1113,1113,1.1259888956931647,8.226548870592548
1114,1114,1.1259888956931647,8.225806588053432
1115,1115,1.1259888956931647,8.225063839303973
1116,1116,1.1259888956931647,8.224321230450961
1117,1117,1.1259888956931647,8.223578624347057
1118,1118,1.1259888956931647,8.222835600675714
1119,1119,1.1259888956931647,8.222092637977253
1120,1120,1.1259888956931647,8.221349991884713
1121,1121,1.1259888956931647,8.220607190630975
1122,1122,1.1259888956931647,8.219864798850102
1123,1123,1.1259888956931647,8.219123502275341
1124,1124,1.1259888956931647,8.241834950496221
1125,1125,1.1259888956931647,8.255590470836584
1126,1126,1.1259888956931647,8.255126701208129
1127,1127,1.1259888956931647,8.254662918480925
1128,1128,1.1259888956931647,8.255608766640314
1129,1129,1.1259888956931647,8.255155096628325
1130,1130,1.1259888956931647,8.256566620824628
1131,1131,1.1259888956931647,8.260095948551587
1132,1132,1.1259888956931647,8.259685731504641
1133,1133,1.1259888956931647,8.25927563914498
1134,1134,1.1259888956931647,8.258865798923726
1135,1135,1.1259888956931647,8.258455867644056
1136,1136,1.1259888956931647,8.258045808903997
1137,1137,1.1259888956931647,8.2576357294662
1138,1138,1.1259888956931647,8.257226089498806
1139,1139,1.1259888956931647,8.25681622734868
1140,1140,1.1259888956931647,8.256406252895777
1141,1141,1.1259888956931647,8.273765410379866
1142,1142,1.1259888956931647,8.27326430696717
1143,1143,1.1259888956931647,8.272633035875536
1144,1144,1.1259888956931647,8.272002008748741
1145,1145,1.1259888956931647,8.27137140127422
1146,1146,1.1259888956931647,8.270740540939576
1147,1147,1.1259888956931647,8.270109740992957
1148,1148,1.1259888956931647,8.269478648021016
1149,1149,1.1259888956931647,8.268847562876633
1150,1150,1.1259888956931647,8.268216413049835
1151,1151,1.1259888956931647,8.267585536905326
1152,1152,1.1259888956931647,8.266954403803954
1153,1153,1.1259888956931647,8.266323551181133
1154,1154,1.1259888956931647,8.333338741690005
1155,1155,1.1259888956931647,8.394483015866921
1156,1156,1.1259888956931647,8.391885603509602
1157,1157,1.1259888956931647,8.388558867121784
1158,1158,1.1259888956931647,8.390369518184366
1159,1159,1.1259888956931647,8.387001284581224
1160,1160,1.1259888956931647,8.388351455445383
1161,1161,1.1259888956931647,8.395819312178112
1162,1162,1.1259888956931647,8.392145906747574
1163,1163,1.1259888956931647,8.38831446298285
1164,1164,1.1259888956931647,8.3844826046648
1165,1165,1.1259888956931647,8.38065076698312
1166,1166,1.1259888956931647,8.376818941778529
1167,1167,1.1259888956931647,8.37298764058055
1168,1168,1.1259888956931647,8.369155950098449
1169,1169,1.1259888956931647,8.365324554303932
1170,1170,1.1259888956931647,8.3614929503001
1171,1171,1.1259888956931647,8.357661204288513
1172,1172,1.1259888956931647,8.353829415769683
1173,1173,1.1259888956931647,8.349999002285944
1174,1174,1.1259888956931647,8.346167298105366
1175,1175,1.1259888956931647,8.342335496415954
1176,1176,1.1259888956931647,8.33850402243792
1177,1177,1.1259888956931647,8.334673176390996
1178,1178,1.1259888956931647,8.3308417215666
1179,1179,1.1259888956931647,8.327011312605388
1180,1180,1.1259888956931647,8.323180145358034
1181,1181,1.1259888956931647,8.319349009705887
1182,1182,1.1259888956931647,8.315517955170296
1183,1183,1.1259888956931647,8.311687552477645
1184,1184,1.1259888956931647,8.307857450359391
1185,1185,1.1259888956931647,8.304026194835654
1186,1186,1.1259888956931647,8.300194203608116
1187,1187,1.1259888956931647,8.296362107750067
1188,1188,1.1259888956931647,8.292530237878486
1189,1189,1.1259888956931647,8.288698476874394
1190,1190,1.1259888956931647,8.284866711320952
1191,1191,1.1259888956931647,8.28103496419516
1192,1192,1.1259888956931647,8.277203448311191
1193,1193,1.1259888956931647,8.273372482296631
1194,1194,1.1259888956931647,8.269540987053317
1195,1195,1.1259888956931647,8.265709778244277
1196,1196,1.1259888956931647,8.261878477626516
1197,1197,1.1259888956931647,8.258046874841511
1198,1198,1.1259888956931647,8.254216772723257
1199,1199,1.1259888956931647,8.250385062394678
1200,1200,1.1259888956931647,8.246554960276425
1201,1201,1.1259888956931647,8.242723727387368
1202,1202,1.1259888956931647,8.238893625269114
1203,1203,1.1259888956931647,8.235062230834014
1204,1204,1.1259888956931647,8.231230277744949
1205,1205,1.1259888956931647,8.227398434398324
1206,1206,1.1259888956931647,8.223566718870545
1207,1207,1.1259888956931647,8.219735564113597
1208,1208,1.1259888956931647,8.215903339316581
1209,1209,1.1259888956931647,8.212072477505325
1210,1210,1.1259888956931647,8.208240706690646
1211,1211,1.1259888956931647,8.204409500198286
1212,1212,1.1259888956931647,8.200577866919549
1213,1213,1.1259888956931647,8.196746130369108
1214,1214,1.1259888956931647,8.192914269382722
1215,1215,1.1259888956931647,8.18908202938743
1216,1216,1.1259888956931647,8.185249613375067
1217,1217,1.1259888956931647,8.181417948511125
1218,1218,1.1259888956931647,8.177585919780842
1219,1219,1.1259888956931647,8.173755228152764
1220,1220,1.1259888956931647,8.169925126034506
1221,1221,1.1259888956931647,8.166093684880611
1222,1222,1.1259888956931647,8.162262003519881
1223,1223,1.1259888956931647,8.158430085101307
1224,1224,1.1259888956931647,8.154597693336243
1225,1225,1.1259888956931647,8.150765512590837
1226,1226,1.1259888956931647,8.146933543137166
1227,1227,1.1259888956931647,8.143101602585764
1228,1228,1.1259888956931647,8.139269474232508
1229,1229,1.1259888956931647,8.135437164767263
1230,1230,1.1259888956931647,8.131604915335934
1231,1231,1.1259888956931647,8.127772506818593
1232,1232,1.1259888956931647,8.123940496894447
1233,1233,1.1259888956931647,8.120109385615903
1234,1234,1.1259888956931647,8.116278126789057
1235,1235,1.1259888956931647,8.112446126573046
1236,1236,1.1259888956931647,8.108613890485204
1237,1237,1.1259888956931647,8.104781571063885
1238,1238,1.1259888956931647,8.100949377195168
1239,1239,1.1259888956931647,8.097116936885168
1240,1240,1.1259888956931647,8.093284340857284
1241,1241,1.1259888956931647,8.089451847763941
1242,1242,1.1259888956931647,8.085619077718905
1243,1243,1.1259888956931647,8.081786400044704
1244,1244,1.1259888956931647,8.077954357833354
1245,1245,1.1259888956931647,8.074122010601728
1246,1246,1.1259888956931647,8.070289842145224
1247,1247,1.1259888956931647,8.066457281279419
1248,1248,1.1259888956931647,8.062624796338596
1249,1249,1.1259888956931647,8.058792212992683
1250,1250,1.1259888956931647,8.054959651851794
1251,1251,1.1259888956931647,8.05112712183894
1252,1252,1.1259888956931647,8.047295228633494
1253,1253,1.1259888956931647,8.043462919975543
1254,1254,1.1259888956931647,8.039630552371976
1255,1255,1.1259888956931647,8.035798293405204
1256,1256,1.1259888956931647,8.03196537286595
1257,1257,1.1259888956931647,8.028132443864367
1258,1258,1.1259888956931647,8.02430004497103
1259,1259,1.1259888956931647,8.0204668839342
1260,1260,1.1259888956931647,8.016634385664343
1261,1261,1.1259888956931647,8.012802012638137
1262,1262,1.1259888956931647,8.1135786094015
1263,1263,1.1259888956931647,8.109805765969368
1264,1264,1.1259888956931647,8.106032786178725
1265,1265,1.1259888956931647,8.102259334281765
1266,1266,1.1259888956931647,8.098485539525099
1267,1267,1.1259888956931647,8.094711305387223
1268,1268,1.1259888956931647,8.090937443032187
1269,1269,1.1259888956931647,8.087164180611476
1270,1270,1.1259888956931647,8.083391058322793
1271,1271,1.1259888956931647,8.079617920910449
1272,1272,1.1259888956931647,8.246834541850815
1273,1273,1.1259888956931647,8.243165233310183
1274,1274,1.1259888956931647,8.23949572644013
1275,1275,1.1259888956931647,8.910773334445276
1276,1276,1.1259888956931647,9.319734422455308
1277,1277,1.1259888956931647,9.316680441725978
1278,1278,1.1259888956931647,9.313626158989186
1279,1279,1.1259888956931647,9.351145474350487
1280,1280,1.1259888956931647,9.348113767899424
1281,1281,1.1259888956931647,9.398753351835822
1282,1282,1.1259888956931647,9.509976156254798
1283,1283,1.1259888956931647,9.507039395121552
1284,1284,1.1259888956931647,9.504103146804317
1285,1285,1.1259888956931647,10.152107458668247
1286,1286,1.1259888956931647,10.750319983867419
1287,1287,1.1259888956931647,10.748144039897726
1288,1288,1.1259888956931647,10.745967947548591
1289,1289,1.1259888956931647,10.793236531436277
1290,1290,1.1259888956931647,10.791090267890553
1291,1291,1.1259888956931647,10.838531722755537
1292,1292,1.1259888956931647,10.95005336627155
1293,1293,1.1259888956931647,10.94799902340171
1294,1294,1.1259888956931647,10.94594466420993
1295,1295,1.1259888956931647,10.943890559533733
1296,1296,1.1259888956931647,10.941836590112382
1297,1297,1.1259888956931647,10.939782715728251
1298,1298,1.1259888956931647,10.937728770222277
1299,1299,1.1259888956931647,10.9356748272016
1300,1300,1.1259888956931647,10.933620977915755
1301,1301,1.1259888956931647,10.931567037123903
1302,1302,1.1259888956931647,10.981766902415247
1303,1303,1.1259888956931647,10.979814014918265
1304,1304,1.1259888956931647,10.97786120935904
1305,1305,1.1259888956931647,10.975908427130825
1306,1306,1.1259888956931647,10.973955740141417
1307,1307,1.1259888956931647,10.972003006716788
1308,1308,1.1259888956931647,10.970050396258996
1309,1309,1.1259888956931647,10.968097655830581
1310,1310,1.1259888956931647,10.966144886261015
1311,1311,1.1259888956931647,10.964192055712472
1312,1312,1.1259888956931647,10.962239225746908
1313,1313,1.1259888956931647,10.960286463370151
1314,1314,1.1259888956931647,10.95833390815912
1315,1315,1.1259888956931647,11.422903464855606
1316,1316,1.1259888956931647,11.801102221015926
1317,1317,1.1259888956931647,11.800787812515468
1318,1318,1.1259888956931647,11.800473426249821
1319,1319,1.1259888956931647,11.832104300045021
1320,1320,1.1259888956931647,11.831851780055727
1321,1321,1.1259888956931647,11.873462765119548
1322,1322,1.1259888956931647,11.963294907424318
1323,1323,1.1259888956931647,11.962232739675848
1324,1324,1.1259888956931647,11.961382252683586
1325,1325,1.1259888956931647,11.960531516749928
1326,1326,1.1259888956931647,11.959680941556826
1327,1327,1.1259888956931647,11.958829576012148
1328,1328,1.1259888956931647,11.957978524564084
1329,1329,1.1259888956931647,11.957127360799436
1330,1330,1.1259888956931647,11.956276001121934
1331,1331,1.1259888956931647,11.955424917433172
1332,1332,1.1259888956931647,11.954573842760176
1333,1333,1.1259888956931647,11.95372303141492
1334,1334,1.1259888956931647,11.9528721977774
1335,1335,1.1259888956931647,11.952021383126223
1336,1336,1.1259888956931647,11.951170538590763
1337,1337,1.1259888956931647,11.950319618993277
0,1338,0.9800982322845031,11.94946849643437
1,1339,0.9800982322845031,0.2406785256356388
2,1340,0.9800982322845031,0.23982768113324798
3,1341,0.9800982322845031,0.23897689137782613
4,1342,0.9800982322845031,0.2381265355436049
5,1343,0.9800982322845031,0.23727735513223452
6,1344,0.9800982322845031,0.2364268357304512
7,1345,0.9800982322845031,0.23557691182408613
8,1346,0.9800982322845031,0.23472664149941266
9,1347,0.9800982322845031,0.23387660416495765
10,1348,0.9800982322845031,0.23302655842533912
11,1349,0.9800982322845031,0.23217586908436763
12,1350,0.9800982322845031,0.23132543494969962
13,1351,0.9800982322845031,0.23047529370782666
14,1352,0.9800982322845031,0.22962613678013186
15,1353,0.9800982322845031,0.2287760450377635
16,1354,0.9800982322845031,0.22792634221758748
17,1355,0.9800982322845031,0.22707637787364077
18,1356,0.9800982322845031,0.2262263463959873
19,1357,0.9800982322845031,0.22537680655780187
20,1358,0.9800982322845031,0.2245268848552526
21,1359,0.9800982322845031,0.22367772792755772
22,1360,0.9800982322845031,0.2228274334602219
23,1361,0.9800982322845031,0.2219782765325271
24,1362,0.9800982322845031,0.22112911960483222
25,1363,0.9800982322845031,0.2202781730580864
26,1364,0.9800982322845031,0.2194267537178507
27,1365,0.9800982322845031,0.21857567960713312
28,1366,0.9800982322845031,0.21772525060939027
29,1367,0.9800982322845031,0.21687432358426256
30,1368,0.9800982322845031,0.2160244556986639
31,1369,0.9800982322845031,0.21517324707484498
32,1370,0.9800982322845031,0.2143222707409004
33,1371,0.9800982322845031,0.21347104233216224
34,1372,0.9800982322845031,0.21261943717977894
35,1373,0.9800982322845031,0.2117678410484045
36,1374,0.9800982322845031,0.21091637368194247
37,1375,0.9800982322845031,0.2100651841440991
38,1376,0.9800982322845031,0.2092127193519559
39,1377,0.9800982322845031,0.20836097020274005
40,1378,0.9800982322845031,0.20750948635338995
41,1379,0.9800982322845031,0.2066588039590837
42,1380,0.9800982322845031,0.20580710195977941
43,1381,0.9800982322845031,0.204955539760026
44,1382,0.9800982322845031,0.20410413703096422
45,1383,0.9800982322845031,0.20325313437966802
46,1384,0.9800982322845031,0.20240273537865172
47,1385,0.9800982322845031,0.2015524715570439
48,1386,0.9800982322845031,0.2007007996200076
49,1387,0.9800982322845031,0.19984922037792074
50,1388,0.9800982322845031,0.19899771971183675
51,1389,0.9800982322845031,0.19814603968042835
52,1390,0.9800982322845031,0.19729463426728236
53,1391,0.9800982322845031,0.19644331623922254
54,1392,0.9800982322845031,0.1955920662986652
55,1393,0.9800982322845031,0.19474056334956724
56,1394,0.9800982322845031,0.19388864951060375
57,1395,0.9800982322845031,0.1930360117012671
58,1396,0.9800982322845031,0.1921837037144684
59,1397,0.9800982322845031,0.19133123179744754
60,1398,0.9800982322845031,0.19047930024086632
61,1399,0.9800982322845031,0.1896266916152469
62,1400,0.9800982322845031,0.18877476785127945
63,1401,0.9800982322845031,0.18792219138683328
64,1402,0.9800982322845031,0.18707161447098292
65,1403,0.9800982322845031,0.18621931826808194
66,1404,0.9800982322845031,0.18536810417460042
67,1405,0.9800982322845031,0.184516420463243
68,1406,0.9800982322845031,0.1836650681917303
69,1407,0.9800982322845031,0.18281354172906297
70,1408,0.9800982322845031,0.18196370348012478
71,1409,0.9800982322845031,0.18111201352641526
72,1410,0.9800982322845031,0.18026042321434319
73,1411,0.9800982322845031,0.17940873559486042
74,1412,0.9800982322845031,0.1785578439735669
75,1413,0.9800982322845031,0.1777061839639791
76,1414,0.9800982322845031,0.17685431677599348
77,1415,0.9800982322845031,0.17600237874422522
78,1416,0.9800982322845031,0.1751503890587972
79,1417,0.9800982322845031,0.17429776378510087
80,1418,0.9800982322845031,0.17344497833993763
81,1419,0.9800982322845031,0.1725921367293012
82,1420,0.9800982322845031,0.1717396915627673
83,1421,0.9800982322845031,0.17088699465527024
84,1422,0.9800982322845031,0.17003416599289092
85,1423,0.9800982322845031,0.16918169407587005
86,1424,0.9800982322845031,0.16832992040489514
87,1425,0.9800982322845031,0.16747794826758702
88,1426,0.9800982322845031,0.16662633536110738
89,1427,0.9800982322845031,0.16577360177660347
90,1428,0.9800982322845031,0.16492080405213846
91,1429,0.9800982322845031,0.16406791352886968
92,1430,0.9800982322845031,0.16321511902373403
93,1431,0.9800982322845031,0.16236265501272165
94,1432,0.9800982322845031,0.16150978257857862
95,1433,0.9800982322845031,0.16065703809448034
96,1434,0.9800982322845031,0.15980512436835542
97,1435,0.9800982322845031,0.15895346500629318
98,1436,0.9800982322845031,0.15810171418020744
99,1437,0.9800982322845031,0.15724938722556617
100,1438,0.9800982322845031,0.1563970195243077
101,1439,0.9800982322845031,0.15554484776025387
102,1440,0.9800982322845031,0.1546925714952891
103,1441,0.9800982322845031,0.15384032527450694
104,1442,0.9800982322845031,0.15298835125021856
105,1443,0.9800982322845031,0.15213673133940173
106,1444,0.9800982322845031,0.1512848678424631
107,1445,0.9800982322845031,0.15043280329165096
108,1446,0.9800982322845031,0.14958151929624922
109,1447,0.9800982322845031,0.1487299288610561
110,1448,0.9800982322845031,0.1478782644896769
111,1449,0.9800982322845031,0.147026743588037
112,1450,0.9800982322845031,0.14617543767135066
113,1451,0.9800982322845031,0.14532404496237084
114,1452,0.9800982322845031,0.1444720732300217
115,1453,0.9800982322845031,0.14361998723656133
116,1454,0.9800982322845031,0.14276771358527965
117,1455,0.9800982322845031,0.141915624062894
118,1456,0.9800982322845031,0.1410637182893877
119,1457,0.9800982322845031,0.14021296135074257
120,1458,0.9800982322845031,0.13936190800636375
121,1459,0.9800982322845031,0.28899961600569346
122,1460,0.9800982322845031,0.28814845772838354
123,1461,0.9800982322845031,0.2860129936637544
124,1462,0.9800982322845031,0.28387550138480044
125,1463,0.9800982322845031,0.2817381350723511
126,1464,0.9800982322845031,0.2796008545078117
127,1465,0.9800982322845031,0.27746322677430246
128,1466,0.9800982322845031,0.2753261028199943
129,1467,0.9800982322845031,0.27318868512977407
130,1468,0.9800982322845031,0.27105129220145857
131,1469,0.9800982322845031,0.26891395392377604
132,1470,0.9800982322845031,0.2667764580797591
133,1471,0.9800982322845031,0.2646388476860761
134,1472,0.9800982322845031,0.26250135354389464
135,1473,0.9800982322845031,0.26036391901017375
136,1474,0.9800982322845031,0.2582267505766437
137,1475,0.9800982322845031,0.25608961524414686
138,1476,0.9800982322845031,0.25395222299884596
139,1477,0.9800982322845031,0.25181478549844544
140,1478,0.9800982322845031,0.2496777400558763
141,1479,0.9800982322845031,0.24754033613650867
142,1480,0.9800982322845031,0.24540325353624592
143,1481,0.9800982322845031,0.2432660744843542
144,1482,0.9800982322845031,0.24112903574849695
145,1483,0.9800982322845031,0.23899139209454076
146,1484,0.9800982322845031,0.23685395404841003
147,1485,0.9800982322845031,0.2347167553750255
148,1486,0.9800982322845031,0.23257932941296122
149,1487,0.9800982322845031,0.2304413986788339
150,1488,0.9800982322845031,0.2283042884503167
151,1489,0.9800982322845031,0.22616645034315583
152,1490,0.9800982322845031,0.22402843918383208
153,1491,0.9800982322845031,0.221890486692964
154,1492,0.9800982322845031,0.21975233875894917
155,1493,0.9800982322845031,0.21761447937305828
156,1494,0.9800982322845031,0.21547661998716738
157,1495,0.9800982322845031,0.21333874119224702
158,1496,0.9800982322845031,0.21120076477967026
159,1497,0.9800982322845031,0.20906265801821386
160,1498,0.9800982322845031,0.2069249104773219
161,1499,0.9800982322845031,0.20478723862856796
162,1500,0.9800982322845031,0.20264950844149682
163,1501,0.9800982322845031,0.20051192773487525
164,1502,0.9800982322845031,0.19837438985130154
165,1503,0.9800982322845031,0.1962365864397712
166,1504,0.9800982322845031,0.194098820441002
167,1505,0.9800982322845031,0.19196251784087637
168,1506,0.9800982322845031,0.1898251698678883
169,1507,0.9800982322845031,0.18768762824613294
170,1508,0.9800982322845031,0.18554966108103496
171,1509,0.9800982322845031,0.1834113653044655
172,1510,0.9800982322845031,0.1812733064531523
173,1511,0.9800982322845031,0.17913575337581536
174,1512,0.9800982322845031,0.17699806496515733
175,1513,0.9800982322845031,0.1748608081726873
176,1514,0.9800982322845031,0.1727233703233397
177,1515,0.9800982322845031,0.17058546252063556
178,1516,0.9800982322845031,0.1684483860904861
179,1517,0.9800982322845031,0.16631106041812344
180,1518,0.9800982322845031,0.16417389843027566
181,1519,0.9800982322845031,0.16203637719041306
182,1520,0.9800982322845031,0.15989911523675374
183,1521,0.9800982322845031,0.15776136884062922
184,1522,0.9800982322845031,0.1556235977906404
185,1523,0.9800982322845031,0.1534856310856768
186,1524,0.9800982322845031,0.1513478168914254
187,1525,0.9800982322845031,0.14920974452632987
188,1526,0.9800982322845031,0.14707152944535265
189,1527,0.9800982322845031,0.14493310824938366
190,1528,0.9800982322845031,0.1427940805615546
191,1529,0.9800982322845031,0.14065591813967337
192,1530,0.9800982322845031,0.1385176738440944
193,1531,0.9800982322845031,0.13637854520013473
194,1532,0.9800982322845031,0.13423934607076093
195,1533,0.9800982322845031,0.132100031668632
196,1534,0.9800982322845031,0.12996077193254846
197,1535,0.9800982322845031,0.12782106249797384
198,1536,0.9800982322845031,0.12568160247098106
199,1537,0.9800982322845031,0.12354216040494391
200,1538,0.9800982322845031,0.121403199624911
201,1539,0.9800982322845031,0.11926366146914973
202,1540,0.9800982322845031,0.11712418354466637
203,1541,0.9800982322845031,0.11498568018194848
204,1542,0.9800982322845031,0.11284725637560886
205,1543,0.9800982322845031,0.1107090688179316
206,1544,0.9800982322845031,0.10857147713528631
207,1545,0.9800982322845031,0.10643392283338655
208,1546,0.9800982322845031,0.1042962138133423
209,1547,0.9800982322845031,0.10215846747382304
210,1548,0.9800982322845031,0.10002020977201315
211,1549,0.9800982322845031,0.09788237910714334
212,1550,0.9800982322845031,0.34330704464704825
213,1551,0.9800982322845031,0.3416244855739954
214,1552,0.9800982322845031,0.3399418557204784
215,1553,0.9800982322845031,0.3382592068867017
216,1554,0.9800982322845031,0.33657623619425464
217,1555,0.9800982322845031,0.3348933003578786
218,1556,0.9800982322845031,0.33321053886375984
219,1557,0.9800982322845031,0.3315281650025763
220,1558,0.9800982322845031,0.32984517639531724
221,1559,0.9800982322845031,0.32816204750168326
222,1560,0.9800982322845031,0.32647879663395757
223,1561,0.9800982322845031,0.32479558153883686
224,1562,0.9800982322845031,0.3231123980561422
225,1563,0.9800982322845031,0.3214293611321618
226,1564,0.9800982322845031,0.3197464237192886
227,1565,0.9800982322845031,0.31806348716839783
228,1566,0.9800982322845031,0.3163808108872945
229,1567,0.9800982322845031,0.3146979051425097
230,1568,0.9800982322845031,0.31301562948869566
231,1569,0.9800982322845031,0.3113329155446303
232,1570,0.9800982322845031,0.30964979827761663
233,1571,0.9800982322845031,0.30796694091142024
234,1572,0.9800982322845031,0.30628403722114966
235,1573,0.9800982322845031,0.30460163913077765
236,1574,0.9800982322845031,0.30291900729519905
237,1575,0.9800982322845031,0.301236373383953
238,1576,0.9800982322845031,0.29955425139670533
239,1577,0.9800982322845031,0.29787187875927384
240,1578,0.9800982322845031,0.2961894353951095
241,1579,0.9800982322845031,0.2945069147871228
242,1580,0.9800982322845031,0.29282449892303825
243,1581,0.9800982322845031,0.29114217540132786
244,1582,0.9800982322845031,0.2894595388893962
245,1583,0.9800982322845031,0.28777694869861664
246,1584,0.9800982322845031,0.2860942349911673
247,1585,0.9800982322845031,0.28441184590930857
248,1586,0.9800982322845031,0.28272950285851634
249,1587,0.9800982322845031,0.28104705428174953
250,1588,0.9800982322845031,0.27936465619137746
251,1589,0.9800982322845031,0.27768202286766247
252,1590,0.9800982322845031,1.971565244692935
253,1591,0.9800982322845031,1.9688837626477655
254,1592,0.9800982322845031,1.9680346057200706
255,1593,0.9800982322845031,1.9671835810975704
256,1594,0.9800982322845031,1.9663327368243952
257,1595,0.9800982322845031,1.9654813789282126
258,1596,0.9800982322845031,1.9646299011671926
259,1597,0.9800982322845031,1.9637782020891885
260,1598,0.9800982322845031,1.962926622026515
261,1599,0.9800982322845031,1.9620750240364937
262,1600,0.9800982322845031,1.961223658043549
263,1601,0.9800982322845031,1.960372177626073
264,1602,0.9800982322845031,1.9595208299160185
265,1603,0.9800982322845031,1.9586692198097422
266,1604,0.9800982322845031,1.957818200237811
267,1605,0.9800982322845031,1.9569670169341222
268,1606,0.9800982322845031,1.956115931573132
269,1607,0.9800982322845031,1.955265916830845
270,1608,0.9800982322845031,1.9544152973681368
271,1609,0.9800982322845031,1.953564164148279
272,1610,0.9800982322845031,1.9527137026151777
273,1611,0.9800982322845031,1.9518624627172896
274,1612,0.9800982322845031,1.9510109676726421
275,1613,0.9800982322845031,1.950159319510582
276,1614,0.9800982322845031,1.949308117951474
277,1615,0.9800982322845031,1.9484564570993779
278,1616,0.9800982322845031,1.9476052591391144
279,1617,0.9800982322845031,1.9467550644378369
280,1618,0.9800982322845031,1.9459043442975208
281,1619,0.9800982322845031,1.9450538244635542
282,1620,0.9800982322845031,1.944201687015463
283,1621,0.9800982322845031,1.9433492735039744
284,1622,0.9800982322845031,1.9424974857847563
285,1623,0.9800982322845031,1.941646200437735
286,1624,0.9800982322845031,1.9407949150907138
287,1625,0.9800982322845031,1.9399435043594848
288,1626,0.9800982322845031,1.9390924895899353
289,1627,0.9800982322845031,1.9382411792790466
290,1628,0.9800982322845031,1.9373894796968802
291,1629,0.9800982322845031,1.936537763922277
292,1630,0.9800982322845031,1.93568593526582
293,1631,0.9800982322845031,1.9348341126084438
294,1632,0.9800982322845031,1.9339819991786988
295,1633,0.9800982322845031,1.9331312238407454
296,1634,0.9800982322845031,1.9322804183179088
297,1635,0.9800982322845031,1.9314296602879333
298,1636,0.9800982322845031,1.9305783413902333
299,1637,0.9800982322845031,1.9297265986427212
300,1638,0.9800982322845031,1.9288747271935685
301,1639,0.9800982322845031,1.9280227402209076
302,1640,0.9800982322845031,1.9271713554218244
303,1641,0.9800982322845031,1.926320343843695
304,1642,0.9800982322845031,1.9254691738268603
305,1643,0.9800982322845031,1.9246189252130637
306,1644,0.9800982322845031,1.9237676718814822
307,1645,0.9800982322845031,1.9229175754189922
308,1646,0.9800982322845031,1.9220655344776751
309,1647,0.9800982322845031,1.9212129499884811
310,1648,0.9800982322845031,1.9203602699661726
311,1649,0.9800982322845031,1.919508031046118
312,1650,0.9800982322845031,1.918655913602191
313,1651,0.9800982322845031,1.9178048438076225
314,1652,0.9800982322845031,1.916951747293355
315,1653,0.9800982322845031,1.9161016050312332
316,1654,0.9800982322845031,1.915249836335468
317,1655,0.9800982322845031,1.9143974298086548
318,1656,0.9800982322845031,1.9135465384384551
319,1657,0.9800982322845031,1.9126973815107593
320,1658,0.9800982322845031,1.9118472419846664
321,1659,0.9800982322845031,1.9109954154166586
322,1660,0.9800982322845031,1.91014340843228
323,1661,0.9800982322845031,1.9092911581925758
324,1662,0.9800982322845031,1.9084393088359504
325,1663,0.9800982322845031,1.9075880392041749
326,1664,0.9800982322845031,1.9067377860822308
327,1665,0.9800982322845031,1.905886815125976
328,1666,0.9800982322845031,1.9050352421243355
329,1667,0.9800982322845031,1.9041831597989807
330,1668,0.9800982322845031,1.9033316206932294
331,1669,0.9800982322845031,1.902480163599705
332,1670,0.9800982322845031,1.9016279273114198
333,1671,0.9800982322845031,1.900776571418027
334,1672,0.9800982322845031,1.8999243707639417
335,1673,0.9800982322845031,1.8990721591177893
336,1674,0.9800982322845031,1.8982194846982112
337,1675,0.9800982322845031,1.8973685480449667
338,1676,0.9800982322845031,1.8965169790875118
339,1677,0.9800982322845031,1.8956646381698097
340,1678,0.9800982322845031,1.8948129647129808
341,1679,0.9800982322845031,1.8939612558289003
342,1680,0.9800982322845031,1.8931087035218097
343,1681,0.9800982322845031,1.8922561127797932
344,1682,0.9800982322845031,1.891404709254253
345,1683,0.9800982322845031,1.890552253149249
346,1684,0.9800982322845031,1.889701523874833
347,1685,0.9800982322845031,1.8888492559095487
348,1686,0.9800982322845031,1.8879985302019087
349,1687,0.9800982322845031,1.887147598374379
350,1688,0.9800982322845031,1.8862971698539814
351,1689,0.9800982322845031,1.885446033568324
352,1690,0.9800982322845031,1.8845955593428858
353,1691,0.9800982322845031,1.8837442930357604
354,1692,0.9800982322845031,1.8828929361412634
355,1693,0.9800982322845031,1.8820415974455231
356,1694,0.9800982322845031,1.8811899697572678
357,1695,0.9800982322845031,1.8803385824709928
358,1696,0.9800982322845031,1.8794871379720437
359,1697,0.9800982322845031,1.8786358142242408
360,1698,0.9800982322845031,1.877783994166098
361,1699,0.9800982322845031,1.876931734750318
362,1700,0.9800982322845031,1.8760797438990513
363,1701,0.9800982322845031,1.8752278834192408
364,1702,0.9800982322845031,1.8743760957210245
365,1703,0.9800982322845031,1.8735252649780112
366,1704,0.9800982322845031,1.8726736372897557
367,1705,0.9800982322845031,1.8718214983733668
368,1706,0.9800982322845031,1.8709693625366737
369,1707,0.9800982322845031,1.8701171976940512
370,1708,0.9800982322845031,1.8692653852990508
371,1709,0.9800982322845031,1.8684145651253796
372,1710,0.9800982322845031,1.8675629083022438
373,1711,0.9800982322845031,2.004659391161587
374,1712,0.9800982322845031,2.0038076887190233
375,1713,0.9800982322845031,2.003104097226138
376,1714,0.9800982322845031,2.002398310082079
377,1715,0.9800982322845031,2.0016927238420883
378,1716,0.9800982322845031,2.000987106018934
379,1717,0.9800982322845031,2.0002821514570925
380,1718,0.9800982322845031,1.9995779437545464
381,1719,0.9800982322845031,1.9988734006704174
382,1720,0.9800982322845031,1.9981682283881865
383,1721,0.9800982322845031,1.997463437088293
384,1722,0.9800982322845031,1.9967589593806194
385,1723,0.9800982322845031,1.996054185535916
386,1724,0.9800982322845031,1.9953496425140265
387,1725,0.9800982322845031,1.9946444528740672
388,1726,0.9800982322845031,1.9939392348443676
389,1727,0.9800982322845031,1.9932340694899064
390,1728,0.9800982322845031,1.9925289228909444
391,1729,0.9800982322845031,1.9918253313980598
392,1730,0.9800982322845031,1.9911199593290245
393,1731,0.9800982322845031,1.99041511927514
394,1732,0.9800982322845031,1.9897105168647027
395,1733,0.9800982322845031,1.9890048980177482
396,1734,0.9800982322845031,1.9882992675469429
397,1735,0.9800982322845031,1.9875935405240266
398,1736,0.9800982322845031,1.9868882494978373
399,1737,0.9800982322845031,1.9861827270360821
400,1738,0.9800982322845031,1.9854773628122484
401,1739,0.9800982322845031,1.984772209361875
402,1740,0.9800982322845031,1.9840682658736617
403,1741,0.9800982322845031,1.9833634102362683
404,1742,0.9800982322845031,1.9826576696767226
405,1743,0.9800982322845031,1.9819535682266494
406,1744,0.9800982322845031,1.981249417487561
407,1745,0.9800982322845031,1.9805441313339744
408,1746,0.9800982322845031,1.979839516532652
409,1747,0.9800982322845031,1.979135220792971
410,1748,0.9800982322845031,1.9784309723130715
411,1749,0.9800982322845031,1.9777261090529799
412,1750,0.9800982322845031,1.9770209191816726
413,1751,0.9800982322845031,1.97631532510609
414,1752,0.9800982322845031,1.9756102229578507
415,1753,0.9800982322845031,1.974904582574164
416,1754,0.9800982322845031,1.9741986483149627
417,1755,0.9800982322845031,1.9734928880920282
418,1756,0.9800982322845031,1.9727872150580343
419,1757,0.9800982322845031,1.97208188354182
420,1758,0.9800982322845031,1.9713763730236673
421,1759,0.9800982322845031,1.9706707408508306
422,1760,0.9800982322845031,1.9699648670557306
423,1761,0.9800982322845031,1.9692593102772582
424,1762,0.9800982322845031,1.9685557187843732
425,1763,0.9800982322845031,1.967851298787336
426,1764,0.9800982322845031,1.9671457144825537
427,1765,0.9800982322845031,1.9664402036569624
428,1766,0.9800982322845031,1.9657347808384207
429,1767,0.9800982322845031,1.9650288304438184
430,1768,0.9800982322845031,1.9643224362739617
431,1769,0.9800982322845031,1.9636167306082446
432,1770,0.9800982322845031,1.9629101575182546
433,1771,0.9800982322845031,1.9622035843777677
434,1772,0.9800982322845031,1.961496799082675
435,1773,0.9800982322845031,1.9607904582757734
436,1774,0.9800982322845031,1.960084497310298
437,1775,0.9800982322845031,1.9593785801934944
438,1776,0.9800982322845031,1.9586725813616601
439,1777,0.9800982322845031,1.9579660726167138
440,1778,0.9800982322845031,1.9572597478110496
441,1779,0.9800982322845031,1.9565546782516132
442,1780,0.9800982322845031,1.9558485581716005
443,1781,0.9800982322845031,1.9551421492066972
444,1782,0.9800982322845031,1.954436285364177
445,1783,0.9800982322845031,1.9537313057207746
446,1784,0.9800982322845031,1.9530257537301516
447,1785,0.9800982322845031,1.952320736638989
448,1786,0.9800982322845031,1.9516146596473554
449,1787,0.9800982322845031,1.9509091216775145
450,1788,0.9800982322845031,1.9502034862609976
451,1789,0.9800982322845031,1.9494972663858678
452,1790,0.9800982322845031,1.9487908696610285
453,1791,0.9800982322845031,1.9480852360405516
454,1792,0.9800982322845031,1.9473795073191462
455,1793,0.9800982322845031,1.946674879470477
456,1794,0.9800982322845031,1.945971210507153
457,1795,0.9800982322845031,1.9452651967327044
458,1796,0.9800982322845031,1.944560401346751
459,1797,0.9800982322845031,1.9438553834565084
460,1798,0.9800982322845031,1.9431494572583132
461,1799,0.9800982322845031,1.942443662451969
462,1800,0.9800982322845031,1.941737689009109
463,1801,0.9800982322845031,1.9410311382229448
464,1802,0.9800982322845031,1.9403243406438073
465,1803,0.9800982322845031,1.9396176947033823
466,1804,0.9800982322845031,1.9389115609360639
467,1805,0.9800982322845031,1.9382046835288567
468,1806,0.9800982322845031,1.9374977614249087
469,1807,0.9800982322845031,1.936790798371209
470,1808,0.9800982322845031,1.936084452642824
471,1809,0.9800982322845031,1.9353784360623394
472,1810,0.9800982322845031,1.934672714885536
473,1811,0.9800982322845031,1.9339666336241423
474,1812,0.9800982322845031,1.9332598951444766
475,1813,0.9800982322845031,1.932553461404226
476,1814,0.9800982322845031,1.931847461477321
477,1815,0.9800982322845031,1.9311413522552543
478,1816,0.9800982322845031,1.930436214628052
479,1817,0.9800982322845031,1.929729796351554
480,1818,0.9800982322845031,1.929023505872566
481,1819,0.9800982322845031,1.9283173562453095
482,1820,0.9800982322845031,1.9276116194013853
483,1821,0.9800982322845031,1.926905617896052
484,1822,0.9800982322845031,1.926199587968975
485,1823,0.9800982322845031,1.9254936840770371
486,1824,0.9800982322845031,1.9247875826075243
487,1825,0.9800982322845031,1.924081756328176
488,1826,0.9800982322845031,1.923376438457607
489,1827,0.9800982322845031,1.9226717169950636
490,1828,0.9800982322845031,1.9219659509172156
491,1829,0.9800982322845031,1.92126112908567
492,1830,0.9800982322845031,1.9205547290001552
493,1831,0.9800982322845031,1.919847700620235
494,1832,0.9800982322845031,1.9191410559053252
495,1833,0.9800982322845031,1.9184352160924107
496,1834,0.9800982322845031,1.917728744957247
497,1835,0.9800982322845031,1.9170215093508909
498,1836,0.9800982322845031,1.9163141907450152
499,1837,0.9800982322845031,1.9156079411905313
500,1838,0.9800982322845031,1.9149006784555198
501,1839,0.9800982322845031,1.9141935869687439
502,1840,0.9800982322845031,1.9134872549406887
503,1841,0.9800982322845031,1.912781440883176
504,1842,0.9800982322845031,2.536757197849013
505,1843,0.9800982322845031,2.536053138192558
506,1844,0.9800982322845031,2.5353481158943243
507,1845,0.9800982322845031,2.5346436662157488
508,1846,0.9800982322845031,2.533939224614285
509,1847,0.9800982322845031,2.5332341873080364
510,1848,0.9800982322845031,2.532528951100915
511,1849,0.9800982322845031,2.5318239095444315
512,1850,0.9800982322845031,2.5311189085855768
513,1851,0.9800982322845031,2.5304137256025676
514,1852,0.9800982322845031,2.5297087029842094
515,1853,0.9800982322845031,2.529003910580449
516,1854,0.9800982322845031,2.528299120781826
517,1855,0.9800982322845031,2.527594326371504
518,1856,0.9800982322845031,2.526889420049821
519,1857,0.9800982322845031,2.526184610462646
520,1858,0.9800982322845031,2.525479888003738
521,1859,0.9800982322845031,2.52477506931045
522,1860,0.9800982322845031,2.5240704370124303
523,1861,0.9800982322845031,2.523365790596529
524,1862,0.9800982322845031,2.791053310498912
525,1863,0.9800982322845031,2.789356929466903
526,1864,0.9800982322845031,2.787221465402274
527,1865,0.9800982322845031,2.7850839263087614
528,1866,0.9800982322845031,2.7829470141468757
529,1867,0.9800982322845031,2.780809571775238
530,1868,0.9800982322845031,2.7786723029992473
531,1869,0.9800982322845031,2.7765351068971205
532,1870,0.9800982322845031,2.774397809991048
533,1871,0.9800982322845031,2.772260779431756
534,1872,0.9800982322845031,2.7701238471338443
535,1873,0.9800982322845031,2.767986799817152
536,1874,0.9800982322845031,2.7658497965669584
537,1875,0.9800982322845031,2.7637125894136623
538,1876,0.9800982322845031,2.761575408099786
539,1877,0.9800982322845031,2.75943842715428
540,1878,0.9800982322845031,2.757301773752453
541,1879,0.9800982322845031,2.755164897746883
542,1880,0.9800982322845031,2.753028050903693
543,1881,0.9800982322845031,2.750891018044094
544,1882,0.9800982322845031,2.7487541729979843
545,1883,0.9800982322845031,2.7466172773984514
546,1884,0.9800982322845031,2.744480689211294
547,1885,0.9800982322845031,2.742343792695119
548,1886,0.9800982322845031,2.7402065418029227
549,1887,0.9800982322845031,2.738069772527724
550,1888,0.9800982322845031,2.7359325398059458
551,1889,0.9800982322845031,2.733795658596323
552,1890,0.9800982322845031,2.7316589079921125
553,1891,0.9800982322845031,2.7295220666622395
554,1892,0.9800982322845031,2.7273851604980903
555,1893,0.9800982322845031,2.725248185621635
556,1894,0.9800982322845031,2.7231111738868297
557,1895,0.9800982322845031,2.720974257145804
558,1896,0.9800982322845031,2.7188373855234182
559,1897,0.9800982322845031,2.7167003677017716
560,1898,0.9800982322845031,2.7145632286978016
561,1899,0.9800982322845031,2.7124261936980782
562,1900,0.9800982322845031,2.710289243848059
563,1901,0.9800982322845031,2.7081522219526644
564,1902,0.9800982322845031,2.70601513423167
565,1903,0.9800982322845031,2.703877872079731
566,1904,0.9800982322845031,2.7017403439326584
567,1905,0.9800982322845031,2.6996027245767453
568,1906,0.9800982322845031,2.6974653583920714
569,1907,0.9800982322845031,2.6953277666646196
570,1908,0.9800982322845031,2.6931902951951905
571,1909,0.9800982322845031,2.6910533009276327
572,1910,0.9800982322845031,2.6889163174621395
573,1911,0.9800982322845031,2.6867792057077238
574,1912,0.9800982322845031,2.6846423220075493
575,1913,0.9800982322845031,2.682505421949572
576,1914,0.9800982322845031,2.6803682929036934
577,1915,0.9800982322845031,2.6782311060781843
578,1916,0.9800982322845031,2.6760943733300673
579,1917,0.9800982322845031,2.6739573148741225
580,1918,0.9800982322845031,2.671820096382728
581,1919,0.9800982322845031,2.669682175513715
582,1920,0.9800982322845031,2.667544018324782
583,1921,0.9800982322845031,2.6654063801911736
584,1922,0.9800982322845031,2.6632685520283714
585,1923,0.9800982322845031,2.6611309448459526
586,1924,0.9800982322845031,2.658993140303808
587,1925,0.9800982322845031,2.656854892474834
588,1926,0.9800982322845031,2.654716292863849
589,1927,0.9800982322845031,2.652577553381142
590,1928,0.9800982322845031,2.65043883844162
591,1929,0.9800982322845031,2.648300151919071
592,1930,0.9800982322845031,2.646161466799221
593,1931,0.9800982322845031,2.644022032790438
594,1932,0.9800982322845031,2.64188313125726
595,1933,0.9800982322845031,2.6397444232536986
596,1934,0.9800982322845031,2.637605230413342
597,1935,0.9800982322845031,2.6354661486373643
598,1936,0.9800982322845031,2.6333274649646614
599,1937,0.9800982322845031,2.6311885721893793
600,1938,0.9800982322845031,2.6290497877197807
601,1939,0.9800982322845031,2.62691206062366
602,1940,0.9800982322845031,2.6247739303403157
603,1941,0.9800982322845031,2.6226357770546733
604,1942,0.9800982322845031,2.620497580775888
605,1943,0.9800982322845031,2.618358777426764
606,1944,0.9800982322845031,2.6162205342749774
607,1945,0.9800982322845031,2.614081886966946
608,1946,0.9800982322845031,2.611943520506876
609,1947,0.9800982322845031,2.609805059229669
610,1948,0.9800982322845031,2.6076664945907804
611,1949,0.9800982322845031,2.605529112572581
612,1950,0.9800982322845031,2.603391558270682
613,1951,0.9800982322845031,2.6012540625785445
614,1952,0.9800982322845031,2.5991165319146314
615,1953,0.9800982322845031,2.6608177705696514
616,1954,0.9800982322845031,2.6591350637339644
617,1955,0.9800982322845031,2.6574521961061
618,1956,0.9800982322845031,2.655769362197709
619,1957,0.9800982322845031,2.6540866692173477
620,1958,0.9800982322845031,2.6524039896545855
621,1959,0.9800982322845031,2.650721215840842
622,1960,0.9800982322845031,2.6490385977534507
623,1961,0.9800982322845031,2.647356022777144
624,1962,0.9800982322845031,2.6456734253115655
625,1963,0.9800982322845031,2.64399094107251
626,1964,0.9800982322845031,2.6423083431505456
627,1965,0.9800982322845031,2.6406257312087775
628,1966,0.9800982322845031,2.638943014151548
629,1967,0.9800982322845031,2.6372603378378074
630,1968,0.9800982322845031,2.635577623241129
631,1969,0.9800982322845031,2.633895139190681
632,1970,0.9800982322845031,2.632213210383153
633,1971,0.9800982322845031,2.6305305167536215
634,1972,0.9800982322845031,2.6288478078094992
635,1973,0.9800982322845031,2.6271651049912133
636,1974,0.9800982322845031,2.6254823032956005
637,1975,0.9800982322845031,2.6237999651486246
638,1976,0.9800982322845031,2.6221180709644365
639,1977,0.9800982322845031,2.6204355724131614
640,1978,0.9800982322845031,2.6187533833960654
641,1979,0.9800982322845031,2.6170708498423556
642,1980,0.9800982322845031,2.6153887344391116
643,1981,0.9800982322845031,2.6137069850003978
644,1982,0.9800982322845031,2.6120245101048423
645,1983,0.9800982322845031,2.610341812232796
646,1984,0.9800982322845031,2.608659377909479
647,1985,0.9800982322845031,2.606977084708338
648,1986,0.9800982322845031,2.6052945313586697
649,1987,0.9800982322845031,2.603612130785177
650,1988,0.9800982322845031,2.601929689772431
651,1989,0.9800982322845031,2.600247034549328
652,1990,0.9800982322845031,2.598564359883779
653,1991,0.9800982322845031,2.596881552247441
654,1992,0.9800982322845031,2.595198652130213
655,1993,0.9800982322845031,4.166624237540093
656,1994,0.9800982322845031,4.163942764746907
657,1995,0.9800982322845031,4.16291632013617
658,1996,0.9800982322845031,4.161888194500867
659,1997,0.9800982322845031,4.160859918354838
660,1998,0.9800982322845031,4.159831330855724
661,1999,0.9800982322845031,4.158802894554742
662,2000,0.9800982322845031,4.157774498676577
663,2001,0.9800982322845031,4.1567459803796805
664,2002,0.9800982322845031,4.155717597669776
665,2003,0.9800982322845031,4.1546891388681875
666,2004,0.9800982322845031,4.153660590600971
667,2005,0.9800982322845031,4.152632968158579
668,2006,0.9800982322845031,4.151605407818877
669,2007,0.9800982322845031,4.1505775888165894
670,2008,0.9800982322845031,4.149549456059294
671,2009,0.9800982322845031,4.148522174066
672,2010,0.9800982322845031,4.1474942156931265
673,2011,0.9800982322845031,4.146466831859058
674,2012,0.9800982322845031,4.145439200908136
675,2013,0.9800982322845031,4.144411129970729
676,2014,0.9800982322845031,4.143383864187869
677,2015,0.9800982322845031,4.142355384011712
678,2016,0.9800982322845031,4.141327444149341
679,2017,0.9800982322845031,4.1403009995386055
680,2018,0.9800982322845031,4.139273847404019
681,2019,0.9800982322845031,4.138246958249153
682,2020,0.9800982322845031,4.137220513638416
683,2021,0.9800982322845031,4.13619239148566
684,2022,0.9800982322845031,4.135164362897211
685,2023,0.9800982322845031,4.134135222045516
686,2024,0.9800982322845031,4.133106842805945
687,2025,0.9800982322845031,4.132078363664633
688,2026,0.9800982322845031,4.1310504022440435
689,2027,0.9800982322845031,4.130023192980092
690,2028,0.9800982322845031,4.128995087142269
691,2029,0.9800982322845031,4.1279666829701025
692,2030,0.9800982322845031,4.126939085542631
693,2031,0.9800982322845031,4.125911065059387
694,2032,0.9800982322845031,4.124882947488203
695,2033,0.9800982322845031,4.123855521620358
696,2034,0.9800982322845031,4.122827407262411
697,2035,0.9800982322845031,4.121800879127118
698,2036,0.9800982322845031,4.120773397888676
699,2037,0.9800982322845031,4.119745206802054
700,2038,0.9800982322845031,4.118717314013073
701,2039,0.9800982322845031,4.117690869402337
702,2040,0.9800982322845031,4.116663551122891
703,2041,0.9800982322845031,4.115636434779022
704,2042,0.9800982322845031,4.114608554326431
705,2043,0.9800982322845031,4.113580095735632
706,2044,0.9800982322845031,4.112552310913836
707,2045,0.9800982322845031,4.111524659197561
708,2046,0.9800982322845031,4.110496925597437
709,2047,0.9800982322845031,4.109469571518726
710,2048,0.9800982322845031,4.108441671407343
711,2049,0.9800982322845031,4.107414338502186
712,2050,0.9800982322845031,4.106387761902962
713,2051,0.9800982322845031,4.105360846006427
714,2052,0.9800982322845031,4.104333285505705
715,2053,0.9800982322845031,4.1033068408949696
716,2054,0.9800982322845031,4.102280396284234
717,2055,0.9800982322845031,4.1012531037310875
718,2056,0.9800982322845031,4.100224608360352
719,2057,0.9800982322845031,4.099196254905675
720,2058,0.9800982322845031,4.098166946018729
721,2059,0.9800982322845031,4.097138260678986
722,2060,0.9800982322845031,4.096109258804148
723,2061,0.9800982322845031,4.0950807395841595
724,2062,0.9800982322845031,4.094052082670685
725,2063,0.9800982322845031,4.093022983087663
726,2064,0.9800982322845031,4.091994149916437
727,2065,0.9800982322845031,4.090965427327823
728,2066,0.9800982322845031,4.089936623615453
729,2067,0.9800982322845031,4.088906758425593
730,2068,0.9800982322845031,4.087877754429954
731,2069,0.9800982322845031,4.08685028108531
732,2070,0.9800982322845031,4.0858220831696785
733,2071,0.9800982322845031,4.084793989160357
734,2072,0.9800982322845031,4.083765955346075
735,2073,0.9800982322845031,4.082736895798918
736,2074,0.9800982322845031,4.081708313411846
737,2075,0.9800982322845031,4.080680940560926
738,2076,0.9800982322845031,4.079653550085915
739,2077,0.9800982322845031,4.078626368050003
740,2078,0.9800982322845031,4.077598358935556
741,2079,0.9800982322845031,4.076570548820096
742,2080,0.9800982322845031,4.075541584978533
743,2081,0.9800982322845031,4.07451301646962
744,2082,0.9800982322845031,4.0734841344053585
745,2083,0.9800982322845031,4.072454842913886
746,2084,0.9800982322845031,4.0967277124209005
747,2085,0.9800982322845031,4.095958129965027
748,2086,0.9800982322845031,4.095188359902263
749,2087,0.9800982322845031,4.094418734489795
750,2088,0.9800982322845031,4.0936489814787365
751,2089,0.9800982322845031,4.092879296946728
752,2090,0.9800982322845031,4.092109656500918
753,2091,0.9800982322845031,4.091339871629847
754,2092,0.9800982322845031,4.090570238587329
755,2093,0.9800982322845031,4.089800227268569
756,2094,0.9800982322845031,4.089031021291135
757,2095,0.9800982322845031,4.0882626903165376
758,2096,0.9800982322845031,4.087493999654901
759,2097,0.9800982322845031,4.086725191093913
760,2098,0.9800982322845031,4.0859569025155045
761,2099,0.9800982322845031,4.085187996795374
762,2100,0.9800982322845031,4.084418956430161
763,2101,0.9800982322845031,4.083649959230644
764,2102,0.9800982322845031,4.082881656977775
765,2103,0.9800982322845031,4.082113470651864
766,2104,0.9800982322845031,4.0813446895112016
767,2105,0.9800982322845031,4.080577200317186
768,2106,0.9800982322845031,4.079808800501773
769,2107,0.9800982322845031,4.079039776482795
770,2108,0.9800982322845031,4.078270822123202
771,2109,0.9800982322845031,4.0775033329291865
772,2110,0.9800982322845031,4.076734610739591
773,2111,0.9800982322845031,4.075965732634122
774,2112,0.9800982322845031,4.075196255023338
775,2113,0.9800982322845031,4.074427058992661
776,2114,0.9800982322845031,4.118083595397788
777,2115,0.9800982322845031,4.117673306732699
778,2116,0.9800982322845031,4.117263204671223
779,2117,0.9800982322845031,4.116853069701974
780,2118,0.9800982322845031,4.116442921796019
781,2119,0.9800982322845031,4.116032834400806
782,2120,0.9800982322845031,4.115622745834538
783,2121,0.9800982322845031,4.115212982633872
784,2122,0.9800982322845031,4.114803200199036
785,2123,0.9800982322845031,4.114393513792084
786,2124,0.9800982322845031,4.1139833781415405
787,2125,0.9800982322845031,4.11357299347197
788,2126,0.9800982322845031,4.113163036398015
789,2127,0.9800982322845031,4.112753139658971
790,2128,0.9800982322845031,4.11234311253708
791,2129,0.9800982322845031,4.1119328649287965
792,2130,0.9800982322845031,4.111522553104945
793,2131,0.9800982322845031,4.111112346787194
794,2132,0.9800982322845031,4.110702098431796
795,2133,0.9800982322845031,4.110291667796493
796,2134,0.9800982322845031,4.109882140142892
797,2135,0.9800982322845031,4.109472262158754
798,2136,0.9800982322845031,4.109062329473438
799,2137,0.9800982322845031,4.108652836671131
800,2138,0.9800982322845031,4.10824307322828
801,2139,0.9800982322845031,4.107833697458839
802,2140,0.9800982322845031,4.1074239943236845
803,2141,0.9800982322845031,4.107014123335198
804,2142,0.9800982322845031,4.106604263781668
805,2143,0.9800982322845031,4.1061947239703045
806,2144,0.9800982322845031,4.25880654692215
807,2145,0.9800982322845031,4.256987178184839
808,2146,0.9800982322845031,4.253157076066585
809,2147,0.9800982322845031,4.24932563399343
810,2148,0.9800982322845031,4.245494092798913
811,2149,0.9800982322845031,4.241662899131149
812,2150,0.9800982322845031,4.237831615311326
813,2151,0.9800982322845031,4.234000685459269
814,2152,0.9800982322845031,4.2301690212159135
815,2153,0.9800982322845031,4.226338293683599
816,2154,0.9800982322845031,4.22250784887333
817,2155,0.9800982322845031,4.21867661583244
818,2156,0.9800982322845031,4.214845117830677
819,2157,0.9800982322845031,4.211013886687474
820,2158,0.9800982322845031,4.207182477198224
821,2159,0.9800982322845031,4.203351497386521
822,2160,0.9800982322845031,4.199520306189245
823,2161,0.9800982322845031,4.195688940351477
824,2162,0.9800982322845031,4.191858409144502
825,2163,0.9800982322845031,4.1880267665295925
826,2164,0.9800982322845031,4.1841966644113375
827,2165,0.9800982322845031,4.180365363860986
828,2166,0.9800982322845031,4.1765339651938795
829,2167,0.9800982322845031,4.172703797199931
830,2168,0.9800982322845031,4.168872466456455
831,2169,0.9800982322845031,4.165041409575195
832,2170,0.9800982322845031,4.161210007006425
833,2171,0.9800982322845031,4.157378544120258
834,2172,0.9800982322845031,4.153547114008272
835,2173,0.9800982322845031,4.149715680529584
836,2174,0.9800982322845031,4.145884857548119
837,2175,0.9800982322845031,4.142053315390336
838,2176,0.9800982322845031,4.13822321327208
839,2177,0.9800982322845031,4.134392276779688
840,2178,0.9800982322845031,4.130561450835177
841,2179,0.9800982322845031,4.126729711974542
842,2180,0.9800982322845031,4.12289818427805
843,2181,0.9800982322845031,4.119066238372446
844,2182,0.9800982322845031,4.1152343992422
845,2183,0.9800982322845031,4.111402789014431
846,2184,0.9800982322845031,4.107571729190056
847,2185,0.9800982322845031,4.103740093774396
848,2186,0.9800982322845031,4.099908094489719
849,2187,0.9800982322845031,4.096076903544435
850,2188,0.9800982322845031,4.092245088936065
851,2189,0.9800982322845031,4.088413283047095
852,2190,0.9800982322845031,4.084581361303868
853,2191,0.9800982322845031,4.080749289762274
854,2192,0.9800982322845031,4.076917063925373
855,2193,0.9800982322845031,4.073084779071542
856,2194,0.9800982322845031,4.069252859658697
857,2195,0.9800982322845031,4.065420962506117
858,2196,0.9800982322845031,4.061588523073142
859,2197,0.9800982322845031,4.057756428275297
860,2198,0.9800982322845031,4.05392468078433
861,2199,0.9800982322845031,4.050093066378718
862,2200,0.9800982322845031,4.046261397053885
863,2201,0.9800982322845031,4.0424297386166135
864,2202,0.9800982322845031,4.038597327703455
865,2203,0.9800982322845031,4.034764924208185
866,2204,0.9800982322845031,4.03093268144023
867,2205,0.9800982322845031,4.0271007955142295
868,2206,0.9800982322845031,4.023268432948431
869,2207,0.9800982322845031,4.01943645886642
870,2208,0.9800982322845031,4.0156045625861445
871,2209,0.9800982322845031,4.011772371750547
872,2210,0.9800982322845031,4.007941327716617
873,2211,0.9800982322845031,4.004108427290076
874,2212,0.9800982322845031,4.000275757771305
875,2213,0.9800982322845031,3.9964432469311
876,2214,0.9800982322845031,3.9926109601298085
877,2215,0.9800982322845031,3.9887793293221137
878,2216,0.9800982322845031,3.9849475006213644
879,2217,0.9800982322845031,3.9811158294883606
880,2218,0.9800982322845031,3.977284218910413
881,2219,0.9800982322845031,3.973452388072357
882,2220,0.9800982322845031,3.9696205668037443
883,2221,0.9800982322845031,3.965788136719832
884,2222,0.9800982322845031,3.961955510072355
885,2223,0.9800982322845031,3.958122923674609
886,2224,0.9800982322845031,3.9542904356172968
887,2225,0.9800982322845031,3.9504578651741897
888,2226,0.9800982322845031,3.9466255327896618
889,2227,0.9800982322845031,3.9427930048406705
890,2228,0.9800982322845031,3.9389603385482928
891,2229,0.9800982322845031,3.9351278964587144
892,2230,0.9800982322845031,3.9312954013223744
893,2231,0.9800982322845031,3.927463446046205
894,2232,0.9800982322845031,3.923631636478492
895,2233,0.9800982322845031,3.9197991842420135
896,2234,0.9800982322845031,3.9159667876041415
897,2235,0.9800982322845031,3.912134083990876
898,2236,0.9800982322845031,3.9083016426389268
899,2237,0.9800982322845031,3.90446937073549
900,2238,0.9800982322845031,3.900636913809891
901,2239,0.9800982322845031,3.8968048862306057
902,2240,0.9800982322845031,3.8929729563362496
903,2241,0.9800982322845031,3.8891407181857
904,2242,0.9800982322845031,3.8853082906661496
905,2243,0.9800982322845031,3.881475062167372
906,2244,0.9800982322845031,3.8776422964435757
907,2245,0.9800982322845031,3.8738090761560637
908,2246,0.9800982322845031,3.8699757684478837
909,2247,0.9800982322845031,3.8661428751852602
910,2248,0.9800982322845031,3.862309985198501
911,2249,0.9800982322845031,3.8584770663197463
912,2250,0.9800982322845031,3.8546444050257196
913,2251,0.9800982322845031,3.850811178222263
914,2252,0.9800982322845031,3.8469779582936074
915,2253,0.9800982322845031,3.843144740148629
916,2254,0.9800982322845031,3.8393113704207495
917,2255,0.9800982322845031,3.8354781504920936
918,2256,0.9800982322845031,3.8316452959150356
919,2257,0.9800982322845031,3.827812127584956
920,2258,0.9800982322845031,3.823979273128612
921,2259,0.9800982322845031,3.820145638391778
922,2260,0.9800982322845031,3.816312054410085
923,2261,0.9800982322845031,3.8124793581045973
924,2262,0.9800982322845031,3.808646985654507
925,2263,0.9800982322845031,3.8048143234561356
926,2264,0.9800982322845031,3.800981624084016
927,2265,0.9800982322845031,4.416694421334105
928,2266,0.9800982322845031,4.413654010753474
929,2267,0.9800982322845031,4.410613936268086
930,2268,0.9800982322845031,4.407573788585027
931,2269,0.9800982322845031,4.404533914571086
932,2270,0.9800982322845031,4.40149376305405
933,2271,0.9800982322845031,4.398453544757433
934,2272,0.9800982322845031,4.395412995667718
935,2273,0.9800982322845031,4.392372584532245
936,2274,0.9800982322845031,4.38933247984747
937,2275,0.9800982322845031,5.452068263043136
938,2276,0.9800982322845031,5.450014361231267
939,2277,0.9800982322845031,5.447960367973955
940,2278,0.9800982322845031,5.445906211491844
941,2279,0.9800982322845031,5.4438519797762845
942,2280,0.9800982322845031,5.441797710919496
943,2281,0.9800982322845031,5.439743406137221
944,2282,0.9800982322845031,5.43768906083627
945,2283,0.9800982322845031,5.435634744757986
946,2284,0.9800982322845031,5.433580610444055
947,2285,0.9800982322845031,5.431526492295707
948,2286,0.9800982322845031,5.429472208053356
949,2287,0.9800982322845031,5.427418054167345
950,2288,0.9800982322845031,5.425363886486737
951,2289,0.9800982322845031,5.423309749101296
952,2290,0.9800982322845031,5.421255592916187
953,2291,0.9800982322845031,5.419201816680509
954,2292,0.9800982322845031,5.417147746099186
955,2293,0.9800982322845031,5.415093351727612
956,2294,0.9800982322845031,5.413038811330495
957,2295,0.9800982322845031,5.410984238614957
958,2296,0.9800982322845031,5.408930101489302
959,2297,0.9800982322845031,5.406876125408571
960,2298,0.9800982322845031,5.404822653352647
961,2299,0.9800982322845031,5.402769131368155
962,2300,0.9800982322845031,5.400715379528393
963,2301,0.9800982322845031,5.39866160142937
964,2302,0.9800982322845031,5.396607775076788
965,2303,0.9800982322845031,5.394553901118709
966,2304,0.9800982322845031,5.392499971717129
967,2305,0.9800982322845031,6.270261445797685
968,2306,0.9800982322845031,6.270261445797685
969,2307,0.9800982322845031,6.270261445797685
970,2308,0.9800982322845031,6.270261445797685
971,2309,0.9800982322845031,6.270261445797685
972,2310,0.9800982322845031,6.270261445797685
973,2311,0.9800982322845031,6.270261445797685
974,2312,0.9800982322845031,6.270261445797685
975,2313,0.9800982322845031,6.270261445797685
976,2314,0.9800982322845031,6.270261445797685
977,2315,0.9800982322845031,6.270261445797685
978,2316,0.9800982322845031,6.270261445797685
979,2317,0.9800982322845031,6.270261445797685
980,2318,0.9800982322845031,6.270261445797685
981,2319,0.9800982322845031,6.270261445797685
982,2320,0.9800982322845031,6.270261445797685
983,2321,0.9800982322845031,6.270261445797685
984,2322,0.9800982322845031,6.270261445797685
985,2323,0.9800982322845031,6.270261445797685
986,2324,0.9800982322845031,6.270261445797685
987,2325,0.9800982322845031,6.270261445797685
988,2326,0.9800982322845031,6.270261445797685
989,2327,0.9800982322845031,6.270261445797685
990,2328,0.9800982322845031,6.270261445797685
991,2329,0.9800982322845031,6.268270845459271
992,2330,0.9800982322845031,6.2672444008485355
993,2331,0.9800982322845031,6.266216595509395
994,2332,0.9800982322845031,6.2651892782389496
995,2333,0.9800982322845031,6.264161396457186
996,2334,0.9800982322845031,6.263133446121518
997,2335,0.9800982322845031,6.262106041947935
998,2336,0.9800982322845031,6.2610773140084
999,2337,0.9800982322845031,6.260049064866818
1000,2338,0.9800982322845031,6.259020500186299
1001,2339,0.9800982322845031,6.2579920914776315
1002,2340,0.9800982322845031,6.256963433566031
1003,2341,0.9800982322845031,6.255934762364928
1004,2342,0.9800982322845031,6.254906089008869
1005,2343,0.9800982322845031,6.253878710856744
1006,2344,0.9800982322845031,6.2528506118053695
1007,2345,0.9800982322845031,6.251822861804067
1008,2346,0.9800982322845031,6.2507943593148125
1009,2347,0.9800982322845031,6.249765948914337
1010,2348,0.9800982322845031,6.2487381767028225
1011,2349,0.9800982322845031,6.247709739553779
1012,2350,0.9800982322845031,6.246681704819844
1013,2351,0.9800982322845031,6.245652965177358
1014,2352,0.9800982322845031,6.244624550154473
1015,2353,0.9800982322845031,6.243596348281405
1016,2354,0.9800982322845031,6.242567474505971
1017,2355,0.9800982322845031,6.241538647103319
1018,2356,0.9800982322845031,6.240510054824781
1019,2357,0.9800982322845031,6.239481129984533
1020,2358,0.9800982322845031,6.238453154358042
1021,2359,0.9800982322845031,6.2374244937609316
1022,2360,0.9800982322845031,6.236396224947799
1023,2361,0.9800982322845031,6.235367521312568
1024,2362,0.9800982322845031,6.234341076701834
1025,2363,0.9800982322845031,6.23331297407379
1026,2364,0.9800982322845031,6.232286529463056
1027,2365,0.9800982322845031,6.231259756991778
1028,2366,0.9800982322845031,6.230231790005182
1029,2367,0.9800982322845031,6.229204683234591
1030,2368,0.9800982322845031,6.228176801123463
1031,2369,0.9800982322845031,6.2271490394525015
1032,2370,0.9800982322845031,6.2261211034523205
1033,2371,0.9800982322845031,6.2250923781990055
1034,2372,0.9800982322845031,6.224064247039917
1035,2373,0.9800982322845031,6.223037172836498
1036,2374,0.9800982322845031,6.222008890183849
1037,2375,0.9800982322845031,6.220981141539696
1038,2376,0.9800982322845031,6.219953718897457
1039,2377,0.9800982322845031,6.21892611745844
1040,2378,0.9800982322845031,6.217899628840419
1041,2379,0.9800982322845031,6.216871152883309
1042,2380,0.9800982322845031,6.2158438902427235
1043,2381,0.9800982322845031,6.214816743268746
1044,2382,0.9800982322845031,6.213790223914032
1045,2383,0.9800982322845031,6.212763779303297
1046,2384,0.9800982322845031,6.211737142355475
1047,2385,0.9800982322845031,6.2107085400286035
1048,2386,0.9800982322845031,6.209680117998686
1049,2387,0.9800982322845031,6.208653225464604
1050,2388,0.9800982322845031,6.20762444200117
1051,2389,0.9800982322845031,6.206596509730958
1052,2390,0.9800982322845031,6.205569015754664
1053,2391,0.9800982322845031,6.204542117027771
1054,2392,0.9800982322845031,6.203513437404945
1055,2393,0.9800982322845031,6.202485088042707
1056,2394,0.9800982322845031,6.201457192937769
1057,2395,0.9800982322845031,6.200429038140091
1058,2396,0.9800982322845031,6.199401447897748
1059,2397,0.9800982322845031,6.198372673358718
1060,2398,0.9800982322845031,6.19734608315273
1061,2399,0.9800982322845031,6.196319427541307
1062,2400,0.9800982322845031,6.195292287968372
1063,2401,0.9800982322845031,6.194263799345028
1064,2402,0.9800982322845031,6.193235049979046
1065,2403,0.9800982322845031,6.192205750879122
1066,2404,0.9800982322845031,6.191177465844795
1067,2405,0.9800982322845031,6.1901497235120475
1068,2406,0.9800982322845031,6.189121797555382
1069,2407,0.9800982322845031,6.188094861746194
1070,2408,0.9800982322845031,6.1870667621156645
1071,2409,0.9800982322845031,6.186038530589764
1072,2410,0.9800982322845031,6.185009821994075
1073,2411,0.9800982322845031,6.183980976367566
1074,2412,0.9800982322845031,6.182953284401553
1075,2413,0.9800982322845031,6.181926839790818
1076,2414,0.9800982322845031,6.180899026670229
1077,2415,0.9800982322845031,6.179870330223763
1078,2416,0.9800982322845031,6.178841722668757
1079,2417,0.9800982322845031,6.177812636184636
1080,2418,0.9800982322845031,6.176783796388456
1081,2419,0.9800982322845031,6.209944109809366
1082,2420,0.9800982322845031,6.209174295926354
1083,2421,0.9800982322845031,6.208404695656514
1084,2422,0.9800982322845031,6.207634684883532
1085,2423,0.9800982322845031,6.206864283356764
1086,2424,0.9800982322845031,6.206094386437835
1087,2425,0.9800982322845031,6.2053243345756774
1088,2426,0.9800982322845031,6.204554726219135
1089,2427,0.9800982322845031,6.203785764495137
1090,2428,0.9800982322845031,6.203017271116048
1091,2429,0.9800982322845031,6.202248107815271
1092,2430,0.9800982322845031,6.201478974157291
1093,2431,0.9800982322845031,6.200710345654232
1094,2432,0.9800982322845031,6.1999417534118795
1095,2433,0.9800982322845031,6.19917279314013
1096,2434,0.9800982322845031,6.198403763711805
1097,2435,0.9800982322845031,6.197635571823958
1098,2436,0.9800982322845031,6.196867717440631
1099,2437,0.9800982322845031,6.196098164941314
1100,2438,0.9800982322845031,6.195328816240404
1101,2439,0.9800982322845031,6.194559587051172
1102,2440,0.9800982322845031,6.193790768713265
1103,2441,0.9800982322845031,6.193021576583886
1104,2442,0.9800982322845031,6.192252344179276
1105,2443,0.9800982322845031,6.191483241300105
1106,2444,0.9800982322845031,6.190714059219686
1107,2445,0.9800982322845031,6.189944964778163
1108,2446,0.9800982322845031,6.189176425324682
1109,2447,0.9800982322845031,6.188407410948732
1110,2448,0.9800982322845031,6.187638031239847
1111,2449,0.9800982322845031,6.235525501355957
1112,2450,0.9800982322845031,6.235115083223124
1113,2451,0.9800982322845031,6.2347046020947
1114,2452,0.9800982322845031,6.234294461700008
1115,2453,0.9800982322845031,6.233884090802271
1116,2454,0.9800982322845031,6.233473789071932
1117,2455,0.9800982322845031,6.233063476077146
1118,2456,0.9800982322845031,6.232652969252926
1119,2457,0.9800982322845031,6.232242492574833
1120,2458,0.9800982322845031,6.231832172432582
1121,2459,0.9800982322845031,6.231421775575754
1122,2460,0.9800982322845031,6.231011580809233
1123,2461,0.9800982322845031,6.230601927893613
1124,2462,0.9800982322845031,6.2301920258421735
1125,2463,0.9800982322845031,6.229781815466038
1126,2464,0.9800982322845031,6.229371513303229
1127,2465,0.9800982322845031,6.228961199892321
1128,2466,0.9800982322845031,6.228550683132993
1129,2467,0.9800982322845031,6.228140110226281
1130,2468,0.9800982322845031,6.227729728161018
1131,2469,0.9800982322845031,6.227319280039982
1132,2470,0.9800982322845031,6.226909264889769
1133,2471,0.9800982322845031,6.226499365428394
1134,2472,0.9800982322845031,6.226089636949128
1135,2473,0.9800982322845031,6.225679880556474
1136,2474,0.9800982322845031,6.225270000229381
1137,2475,0.9800982322845031,6.224860120632793
1138,2476,0.9800982322845031,6.224450584524879
1139,2477,0.9800982322845031,6.224040902154531
1140,2478,0.9800982322845031,6.2236311243887386
1141,2479,0.9800982322845031,6.391937518321326
1142,2480,0.9800982322845031,6.390118117007499
1143,2481,0.9800982322845031,6.386288014889243
1144,2482,0.9800982322845031,6.382456764174038
1145,2483,0.9800982322845031,6.378626322237021
1146,2484,0.9800982322845031,6.374795165293168
1147,2485,0.9800982322845031,6.3709642449391595
1148,2486,0.9800982322845031,6.367132610049664
1149,2487,0.9800982322845031,6.3633009411179975
1150,2488,0.9800982322845031,6.359469133721283
1151,2489,0.9800982322845031,6.355638086667942
1152,2490,0.9800982322845031,6.35180626254941
1153,2491,0.9800982322845031,6.347975194754957
1154,2492,0.9800982322845031,6.34414384051047
1155,2493,0.9800982322845031,6.340312346088796
1156,2494,0.9800982322845031,6.336481207888913
1157,2495,0.9800982322845031,6.332651105770657
1158,2496,0.9800982322845031,6.328819822563947
1159,2497,0.9800982322845031,6.324989632655939
1160,2498,0.9800982322845031,6.321159394892751
1161,2499,0.9800982322845031,6.317328262290162
1162,2500,0.9800982322845031,6.313498156769642
1163,2501,0.9800982322845031,6.309666458125666
1164,2502,0.9800982322845031,6.3058344228829215
1165,2503,0.9800982322845031,6.3020024172103675
1166,2504,0.9800982322845031,6.298170425222604
1167,2505,0.9800982322845031,6.294338874507583
1168,2506,0.9800982322845031,6.2905068535021265
1169,2507,0.9800982322845031,6.28667517442228
1170,2508,0.9800982322845031,6.282843223095502
1171,2509,0.9800982322845031,6.279011210023822
1172,2510,0.9800982322845031,6.27517920300057
1173,2511,0.9800982322845031,6.271348687788912
1174,2512,0.9800982322845031,6.267516774999815
1175,2513,0.9800982322845031,6.2636847584301805
1176,2514,0.9800982322845031,6.259853101944814
1177,2515,0.9800982322845031,6.256022067033334
1178,2516,0.9800982322845031,6.252190425466712
1179,2517,0.9800982322845031,6.248359884821599
1180,2518,0.9800982322845031,6.244528649447999
1181,2519,0.9800982322845031,6.2406974830754045
1182,2520,0.9800982322845031,6.236866400335493
1183,2521,0.9800982322845031,6.233035969720354
1184,2522,0.9800982322845031,6.2292058676021
1185,2523,0.9800982322845031,6.225374596542641
1186,2524,0.9800982322845031,6.2215425872879955
1187,2525,0.9800982322845031,6.21771048852013
1188,2526,0.9800982322845031,6.213878616704458
1189,2527,0.9800982322845031,6.210046853875999
1190,2528,0.9800982322845031,6.2062150870493715
1191,2529,0.9800982322845031,6.202383339923576
1192,2530,0.9800982322845031,6.198551824039607
1193,2531,0.9800982322845031,6.1947208580250495
1194,2532,0.9800982322845031,6.190889362781737
1195,2533,0.9800982322845031,6.187058153972696
1196,2534,0.9800982322845031,6.183226853354933
1197,2535,0.9800982322845031,6.179395250569929
1198,2536,0.9800982322845031,6.175565148451674
1199,2537,0.9800982322845031,6.171733438123096
1200,2538,0.9800982322845031,6.167903336004839
1201,2539,0.9800982322845031,6.164072103115784
1202,2540,0.9800982322845031,6.16024200099753
1203,2541,0.9800982322845031,6.156410606562433
1204,2542,0.9800982322845031,6.1525786534733635
1205,2543,0.9800982322845031,6.148746810126741
1206,2544,0.9800982322845031,6.144915094598959
1207,2545,0.9800982322845031,6.1410839398420105
1208,2546,0.9800982322845031,6.1372515524485545
1209,2547,0.9800982322845031,6.133420542177343
1210,2548,0.9800982322845031,6.1295886435411076
1211,2549,0.9800982322845031,6.125757302135916
1212,2550,0.9800982322845031,6.121925551570825
1213,2551,0.9800982322845031,6.118093689823455
1214,2552,0.9800982322845031,6.114261694108391
1215,2553,0.9800982322845031,6.110429290352473
1216,2554,0.9800982322845031,6.106596697096637
1217,2555,0.9800982322845031,6.102764912526925
1218,2556,0.9800982322845031,6.098932733779172
1219,2557,0.9800982322845031,6.095101911911407
1220,2558,0.9800982322845031,6.0912718097931515
1221,2559,0.9800982322845031,6.087440313914229
1222,2560,0.9800982322845031,6.083608616863633
1223,2561,0.9800982322845031,6.079776680400009
1224,2562,0.9800982322845031,6.0759442658871725
1225,2563,0.9800982322845031,6.072112069612891
1226,2564,0.9800982322845031,6.068280086208851
1227,2565,0.9800982322845031,6.064448136117104
1228,2566,0.9800982322845031,6.060616007763848
1229,2567,0.9800982322845031,6.056783698298603
1230,2568,0.9800982322845031,6.052951448867274
1231,2569,0.9800982322845031,6.0491190403499315
1232,2570,0.9800982322845031,6.045287030425788
1233,2571,0.9800982322845031,6.041455919147242
1234,2572,0.9800982322845031,6.037624660320398
1235,2573,0.9800982322845031,6.033792660104386
1236,2574,0.9800982322845031,6.0299604240165445
1237,2575,0.9800982322845031,6.0261281045952275
1238,2576,0.9800982322845031,6.022295532372453
1239,2577,0.9800982322845031,6.018462669132313
1240,2578,0.9800982322845031,6.0146294585402424
1241,2579,0.9800982322845031,6.010796376248464
1242,2580,0.9800982322845031,6.006962948756889
1243,2581,0.9800982322845031,6.003129636398726
1244,2582,0.9800982322845031,5.999297116097989
1245,2583,0.9800982322845031,5.995464215612046
1246,2584,0.9800982322845031,5.991631537956058
1247,2585,0.9800982322845031,5.987798371190918
1248,2586,0.9800982322845031,5.983965299060649
1249,2587,0.9800982322845031,5.9801321042757145
1250,2588,0.9800982322845031,5.976298937167702
1251,2589,0.9800982322845031,5.97246606863004
1252,2590,0.9800982322845031,5.9686340046526976
1253,2591,0.9800982322845031,5.964801575482188
1254,2592,0.9800982322845031,5.96096913343013
1255,2593,0.9800982322845031,5.957136938689409
1256,2594,0.9800982322845031,5.95330410207633
1257,2595,0.9800982322845031,5.949471278864066
1258,2596,0.9800982322845031,5.945639291111824
1259,2597,0.9800982322845031,5.94180668335996
1260,2598,0.9800982322845031,5.937974627755622
1261,2599,0.9800982322845031,5.934142674257397
1262,2600,0.9800982322845031,7.330584181220646
1263,2601,0.9800982322845031,7.327544321190538
1264,2602,0.9800982322845031,7.324504393944444
1265,2603,0.9800982322845031,7.321464233980273
1266,2604,0.9800982322845031,7.3184239050082995
1267,2605,0.9800982322845031,7.315383359449622
1268,2606,0.9800982322845031,7.312342959167863
1269,2607,0.9800982322845031,7.309302833387464
1270,2608,0.9800982322845031,7.306262780348437
1271,2609,0.9800982322845031,7.303222633488185
1272,2610,0.9800982322845031,8.923696143119406
1273,2611,0.9800982322845031,8.921642113534073
1274,2612,0.9800982322845031,8.91958800783748
1275,2613,0.9800982322845031,8.917533904531656
1276,2614,0.9800982322845031,8.915480039923239
1277,2615,0.9800982322845031,8.913426199367164
1278,2616,0.9800982322845031,8.911372169338154
1279,2617,0.9800982322845031,8.909318002824174
1280,2618,0.9800982322845031,8.907263750633794
1281,2619,0.9800982322845031,8.90520954516605
1282,2620,0.9800982322845031,8.903155270156374
1283,2621,0.9800982322845031,8.90110098424776
1284,2622,0.9800982322845031,8.899047029702347
1285,2623,0.9800982322845031,8.896992856303518
1286,2624,0.9800982322845031,8.894938796680586
1287,2625,0.9800982322845031,8.892884840951194
1288,2626,0.9800982322845031,8.890830747285747
1289,2627,0.9800982322845031,8.888776352565984
1290,2628,0.9800982322845031,8.886722062388607
1291,2629,0.9800982322845031,8.884667806684782
1292,2630,0.9800982322845031,8.882613532651824
1293,2631,0.9800982322845031,8.880559495095993
1294,2632,0.9800982322845031,8.878505445715136
1295,2633,0.9800982322845031,8.876451580727398
1296,2634,0.9800982322845031,8.874397813729981
1297,2635,0.9800982322845031,8.872344115585754
1298,2636,0.9800982322845031,8.870290365914707
1299,2637,0.9800982322845031,8.868236618044223
1300,2638,0.9800982322845031,8.866182938083368
1301,2639,0.9800982322845031,8.864129191827644
1302,2640,0.9800982322845031,9.922412359820044
1303,2641,0.9800982322845031,9.922412359820044
1304,2642,0.9800982322845031,9.922412359820044
1305,2643,0.9800982322845031,9.922412359820044
1306,2644,0.9800982322845031,9.922412359820044
1307,2645,0.9800982322845031,9.922412359820044
1308,2646,0.9800982322845031,9.922412359820044
1309,2647,0.9800982322845031,9.922412359820044
1310,2648,0.9800982322845031,9.922412359820044
1311,2649,0.9800982322845031,9.922412359820044
1312,2650,0.9800982322845031,9.922412359820044
1313,2651,0.9800982322845031,9.922412359820044
1314,2652,0.9800982322845031,9.922412359820044
1315,2653,0.9800982322845031,9.922412359820044
1316,2654,0.9800982322845031,9.922412359820044
1317,2655,0.9800982322845031,9.922412359820044
1318,2656,0.9800982322845031,9.922412359820044
1319,2657,0.9800982322845031,9.922412359820044
1320,2658,0.9800982322845031,9.922412359820044
1321,2659,0.9800982322845031,9.920421759481629
1322,2660,0.9800982322845031,9.919572602553938
1323,2661,0.9800982322845031,9.918721555969073
1324,2662,0.9800982322845031,9.917870957801851
1325,2663,0.9800982322845031,9.917020221868196
1326,2664,0.9800982322845031,9.916169646675092
1327,2665,0.9800982322845031,9.915318281130414
1328,2666,0.9800982322845031,9.91446722968235
1329,2667,0.9800982322845031,9.913616065917704
1330,2668,0.9800982322845031,9.912764706240203
1331,2669,0.9800982322845031,9.911913622551442
1332,2670,0.9800982322845031,9.911062547878442
1333,2671,0.9800982322845031,9.910211736533189
1334,2672,0.9800982322845031,9.909360902895672
1335,2673,0.9800982322845031,9.90851008824449
1336,2674,0.9800982322845031,9.907659243709032
1337,2675,0.9800982322845031,9.906808324111548
0,2676,1.1011709603109,9.90595720155264
1,2677,1.1011709603109,0.2406785256356388
2,2678,1.1011709603109,0.23982768113324798
3,2679,1.1011709603109,0.23897689137782613
4,2680,1.1011709603109,0.2381265355436049
5,2681,1.1011709603109,0.23727735513223452
6,2682,1.1011709603109,0.2364268357304512
7,2683,1.1011709603109,0.23557691182408613
8,2684,1.1011709603109,0.23472664149941266
9,2685,1.1011709603109,0.23387660416495765
10,2686,1.1011709603109,0.23302655842533912
11,2687,1.1011709603109,0.23217586908436763
12,2688,1.1011709603109,0.23132543494969962
13,2689,1.1011709603109,0.23047529370782666
14,2690,1.1011709603109,0.22962613678013186
15,2691,1.1011709603109,0.2287760450377635
16,2692,1.1011709603109,0.22792634221758748
17,2693,1.1011709603109,0.22707637787364077
18,2694,1.1011709603109,0.2262263463959873
19,2695,1.1011709603109,0.22537680655780187
20,2696,1.1011709603109,0.2245268848552526
21,2697,1.1011709603109,0.22367772792755772
22,2698,1.1011709603109,0.2228274334602219
23,2699,1.1011709603109,0.2219782765325271
24,2700,1.1011709603109,0.22112911960483222
25,2701,1.1011709603109,0.2202781730580864
26,2702,1.1011709603109,0.2194267537178507
27,2703,1.1011709603109,0.21857567960713312
28,2704,1.1011709603109,0.21772525060939027
29,2705,1.1011709603109,0.21687432358426256
30,2706,1.1011709603109,0.2160244556986639
31,2707,1.1011709603109,0.21517324707484498
32,2708,1.1011709603109,0.2143222707409004
33,2709,1.1011709603109,0.21347104233216224
34,2710,1.1011709603109,0.21261943717977894
35,2711,1.1011709603109,0.2117678410484045
36,2712,1.1011709603109,0.21091637368194247
37,2713,1.1011709603109,0.2100651841440991
38,2714,1.1011709603109,0.2092127193519559
39,2715,1.1011709603109,0.20836097020274005
40,2716,1.1011709603109,0.20750948635338995
41,2717,1.1011709603109,0.2066588039590837
42,2718,1.1011709603109,0.20580710195977941
43,2719,1.1011709603109,0.204955539760026
44,2720,1.1011709603109,0.20410413703096422
45,2721,1.1011709603109,0.20325313437966802
46,2722,1.1011709603109,0.20240273537865172
47,2723,1.1011709603109,0.2015524715570439
48,2724,1.1011709603109,0.2007007996200076
49,2725,1.1011709603109,0.19984922037792074
50,2726,1.1011709603109,0.19899771971183675
51,2727,1.1011709603109,0.19814603968042835
52,2728,1.1011709603109,0.19729463426728236
53,2729,1.1011709603109,0.19644331623922254
54,2730,1.1011709603109,0.1955920662986652
55,2731,1.1011709603109,0.19474056334956724
56,2732,1.1011709603109,0.19388864951060375
57,2733,1.1011709603109,0.1930360117012671
58,2734,1.1011709603109,0.1921837037144684
59,2735,1.1011709603109,0.19133123179744754
60,2736,1.1011709603109,0.19047930024086632
61,2737,1.1011709603109,0.1896266916152469
62,2738,1.1011709603109,0.18877476785127945
63,2739,1.1011709603109,0.18792219138683328
64,2740,1.1011709603109,0.18707161447098292
65,2741,1.1011709603109,0.18621931826808194
66,2742,1.1011709603109,0.18536810417460042
67,2743,1.1011709603109,0.184516420463243
68,2744,1.1011709603109,0.1836650681917303
69,2745,1.1011709603109,0.18281354172906297
70,2746,1.1011709603109,0.18196370348012478
71,2747,1.1011709603109,0.18111201352641526
72,2748,1.1011709603109,0.18026042321434319
73,2749,1.1011709603109,0.17940873559486042
74,2750,1.1011709603109,0.1785578439735669
75,2751,1.1011709603109,0.1777061839639791
76,2752,1.1011709603109,0.17685431677599348
77,2753,1.1011709603109,0.17600237874422522
78,2754,1.1011709603109,0.1751503890587972
79,2755,1.1011709603109,0.17429776378510087
80,2756,1.1011709603109,0.17344497833993763
81,2757,1.1011709603109,0.1725921367293012
82,2758,1.1011709603109,0.1717396915627673
83,2759,1.1011709603109,0.17088699465527024
84,2760,1.1011709603109,0.17003416599289092
85,2761,1.1011709603109,0.16918169407587005
86,2762,1.1011709603109,0.16832992040489514
87,2763,1.1011709603109,0.16747794826758702
88,2764,1.1011709603109,0.16662633536110738
89,2765,1.1011709603109,0.16577360177660347
90,2766,1.1011709603109,0.16492080405213846
91,2767,1.1011709603109,0.16406791352886968
92,2768,1.1011709603109,0.16321511902373403
93,2769,1.1011709603109,0.16236265501272165
94,2770,1.1011709603109,0.16150978257857862
95,2771,1.1011709603109,0.16065703809448034
96,2772,1.1011709603109,0.15980512436835542
97,2773,1.1011709603109,0.15895346500629318
98,2774,1.1011709603109,0.15810171418020744
99,2775,1.1011709603109,0.15724938722556617
100,2776,1.1011709603109,0.1563970195243077
101,2777,1.1011709603109,0.15554484776025387
102,2778,1.1011709603109,0.1546925714952891
103,2779,1.1011709603109,0.15384032527450694
104,2780,1.1011709603109,0.15298835125021856
105,2781,1.1011709603109,0.15213673133940173
106,2782,1.1011709603109,0.1512848678424631
107,2783,1.1011709603109,0.15043280329165096
108,2784,1.1011709603109,0.14958151929624922
109,2785,1.1011709603109,0.1487299288610561
110,2786,1.1011709603109,0.1478782644896769
111,2787,1.1011709603109,0.147026743588037
112,2788,1.1011709603109,0.14617543767135066
113,2789,1.1011709603109,0.14532404496237084
114,2790,1.1011709603109,0.1444720732300217
115,2791,1.1011709603109,0.14361998723656133
116,2792,1.1011709603109,0.14276771358527965
117,2793,1.1011709603109,0.141915624062894
118,2794,1.1011709603109,0.1410637182893877
119,2795,1.1011709603109,0.14021296135074257
120,2796,1.1011709603109,0.13936190800636375
121,2797,1.1011709603109,0.28899961600569346
122,2798,1.1011709603109,0.28814845772838354
123,2799,1.1011709603109,0.2860129936637544
124,2800,1.1011709603109,0.28387550138480044
125,2801,1.1011709603109,0.2817381350723511
126,2802,1.1011709603109,0.2796008545078117
127,2803,1.1011709603109,0.27746322677430246
128,2804,1.1011709603109,0.2753261028199943
129,2805,1.1011709603109,0.27318868512977407
130,2806,1.1011709603109,0.27105129220145857
131,2807,1.1011709603109,0.26891395392377604
132,2808,1.1011709603109,0.2667764580797591
133,2809,1.1011709603109,0.2646388476860761
134,2810,1.1011709603109,0.26250135354389464
135,2811,1.1011709603109,0.26036391901017375
136,2812,1.1011709603109,0.2582267505766437
137,2813,1.1011709603109,0.25608961524414686
138,2814,1.1011709603109,0.25395222299884596
139,2815,1.1011709603109,0.25181478549844544
140,2816,1.1011709603109,0.2496777400558763
141,2817,1.1011709603109,0.24754033613650867
142,2818,1.1011709603109,0.24540325353624592
143,2819,1.1011709603109,0.2432660744843542
144,2820,1.1011709603109,0.24112903574849695
145,2821,1.1011709603109,0.23899139209454076
146,2822,1.1011709603109,0.23685395404841003
147,2823,1.1011709603109,0.2347167553750255
148,2824,1.1011709603109,0.23257932941296122
149,2825,1.1011709603109,0.2304413986788339
150,2826,1.1011709603109,0.2283042884503167
151,2827,1.1011709603109,0.22616645034315583
152,2828,1.1011709603109,0.22402843918383208
153,2829,1.1011709603109,0.221890486692964
154,2830,1.1011709603109,0.21975233875894917
155,2831,1.1011709603109,0.21761447937305828
156,2832,1.1011709603109,0.21547661998716738
157,2833,1.1011709603109,0.21333874119224702
158,2834,1.1011709603109,0.21120076477967026
159,2835,1.1011709603109,0.20906265801821386
160,2836,1.1011709603109,0.2069249104773219
161,2837,1.1011709603109,0.20478723862856796
162,2838,1.1011709603109,0.20264950844149682
163,2839,1.1011709603109,0.20051192773487525
164,2840,1.1011709603109,0.19837438985130154
165,2841,1.1011709603109,0.1962365864397712
166,2842,1.1011709603109,0.194098820441002
167,2843,1.1011709603109,0.19196251784087637
168,2844,1.1011709603109,0.1898251698678883
169,2845,1.1011709603109,0.18768762824613294
170,2846,1.1011709603109,0.18554966108103496
171,2847,1.1011709603109,0.1834113653044655
172,2848,1.1011709603109,0.1812733064531523
173,2849,1.1011709603109,0.17913575337581536
174,2850,1.1011709603109,0.17699806496515733
175,2851,1.1011709603109,0.1748608081726873
176,2852,1.1011709603109,0.1727233703233397
177,2853,1.1011709603109,0.17058546252063556
178,2854,1.1011709603109,0.1684483860904861
179,2855,1.1011709603109,0.16631106041812344
180,2856,1.1011709603109,0.16417389843027566
181,2857,1.1011709603109,0.16203637719041306
182,2858,1.1011709603109,0.15989911523675374
183,2859,1.1011709603109,0.15776136884062922
184,2860,1.1011709603109,0.1556235977906404
185,2861,1.1011709603109,0.1534856310856768
186,2862,1.1011709603109,0.1513478168914254
187,2863,1.1011709603109,0.14920974452632987
188,2864,1.1011709603109,0.14707152944535265
189,2865,1.1011709603109,0.14493310824938366
190,2866,1.1011709603109,0.1427940805615546
191,2867,1.1011709603109,0.14065591813967337
192,2868,1.1011709603109,0.1385176738440944
193,2869,1.1011709603109,0.13637854520013473
194,2870,1.1011709603109,0.13423934607076093
195,2871,1.1011709603109,0.132100031668632
196,2872,1.1011709603109,0.12996077193254846
197,2873,1.1011709603109,0.12782106249797384
198,2874,1.1011709603109,0.12568160247098106
199,2875,1.1011709603109,0.12354216040494391
200,2876,1.1011709603109,0.121403199624911
201,2877,1.1011709603109,0.11926366146914973
202,2878,1.1011709603109,0.11712418354466637
203,2879,1.1011709603109,0.11498568018194848
204,2880,1.1011709603109,0.11284725637560886
205,2881,1.1011709603109,0.1107090688179316
206,2882,1.1011709603109,0.10857147713528631
207,2883,1.1011709603109,0.10643392283338655
208,2884,1.1011709603109,0.1042962138133423
209,2885,1.1011709603109,0.10215846747382304
210,2886,1.1011709603109,0.10002020977201315
211,2887,1.1011709603109,0.09788237910714334
212,2888,1.1011709603109,0.34330704464704825
213,2889,1.1011709603109,0.3416244855739954
214,2890,1.1011709603109,0.3399418557204784
215,2891,1.1011709603109,0.3382592068867017
216,2892,1.1011709603109,0.33657623619425464
217,2893,1.1011709603109,0.3348933003578786
218,2894,1.1011709603109,0.33321053886375984
219,2895,1.1011709603109,0.3315281650025763
220,2896,1.1011709603109,0.32984517639531724
221,2897,1.1011709603109,0.32816204750168326
222,2898,1.1011709603109,0.32647879663395757
223,2899,1.1011709603109,0.32479558153883686
224,2900,1.1011709603109,0.3231123980561422
225,2901,1.1011709603109,0.3214293611321618
226,2902,1.1011709603109,0.3197464237192886
227,2903,1.1011709603109,0.31806348716839783
228,2904,1.1011709603109,0.3163808108872945
229,2905,1.1011709603109,0.3146979051425097
230,2906,1.1011709603109,0.31301562948869566
231,2907,1.1011709603109,0.3113329155446303
232,2908,1.1011709603109,0.30964979827761663
233,2909,1.1011709603109,0.30796694091142024
234,2910,1.1011709603109,0.30628403722114966
235,2911,1.1011709603109,0.30460163913077765
236,2912,1.1011709603109,0.30291900729519905
237,2913,1.1011709603109,0.301236373383953
238,2914,1.1011709603109,0.29955425139670533
239,2915,1.1011709603109,0.29787187875927384
240,2916,1.1011709603109,0.2961894353951095
241,2917,1.1011709603109,0.2945069147871228
242,2918,1.1011709603109,0.29282449892303825
243,2919,1.1011709603109,0.29114217540132786
244,2920,1.1011709603109,0.2894595388893962
245,2921,1.1011709603109,0.28777694869861664
246,2922,1.1011709603109,0.2860942349911673
247,2923,1.1011709603109,0.28441184590930857
248,2924,1.1011709603109,0.28272950285851634
249,2925,1.1011709603109,0.28104705428174953
250,2926,1.1011709603109,0.27936465619137746
251,2927,1.1011709603109,0.27768202286766247
252,2928,1.1011709603109,1.971565244692935
253,2929,1.1011709603109,1.9688837626477655
254,2930,1.1011709603109,1.9680346057200706
255,2931,1.1011709603109,1.9671835810975704
256,2932,1.1011709603109,1.9663327368243952
257,2933,1.1011709603109,1.9654813789282126
258,2934,1.1011709603109,1.9646299011671926
259,2935,1.1011709603109,1.9637782020891885
260,2936,1.1011709603109,1.962926622026515
261,2937,1.1011709603109,1.9620750240364937
262,2938,1.1011709603109,1.961223658043549
263,2939,1.1011709603109,1.960372177626073
264,2940,1.1011709603109,1.9595208299160185
265,2941,1.1011709603109,1.9586692198097422
266,2942,1.1011709603109,1.957818200237811
267,2943,1.1011709603109,1.9569670169341222
268,2944,1.1011709603109,1.956115931573132
269,2945,1.1011709603109,1.955265916830845
270,2946,1.1011709603109,1.9544152973681368
271,2947,1.1011709603109,1.953564164148279
272,2948,1.1011709603109,1.9527137026151777
273,2949,1.1011709603109,1.9518624627172896
274,2950,1.1011709603109,1.9510109676726421
275,2951,1.1011709603109,1.950159319510582
276,2952,1.1011709603109,1.949308117951474
277,2953,1.1011709603109,1.9484564570993779
278,2954,1.1011709603109,1.9476052591391144
279,2955,1.1011709603109,1.9467550644378369
280,2956,1.1011709603109,1.9459043442975208
281,2957,1.1011709603109,1.9450538244635542
282,2958,1.1011709603109,1.944201687015463
283,2959,1.1011709603109,1.9433492735039744
284,2960,1.1011709603109,1.9424974857847563
285,2961,1.1011709603109,1.941646200437735
286,2962,1.1011709603109,1.9407949150907138
287,2963,1.1011709603109,1.9399435043594848
288,2964,1.1011709603109,1.9390924895899353
289,2965,1.1011709603109,1.9382411792790466
290,2966,1.1011709603109,1.9373894796968802
291,2967,1.1011709603109,1.936537763922277
292,2968,1.1011709603109,1.93568593526582
293,2969,1.1011709603109,1.9348341126084438
294,2970,1.1011709603109,1.9339819991786988
295,2971,1.1011709603109,1.9331312238407454
296,2972,1.1011709603109,1.9322804183179088
297,2973,1.1011709603109,1.9314296602879333
298,2974,1.1011709603109,1.9305783413902333
299,2975,1.1011709603109,1.9297265986427212
300,2976,1.1011709603109,1.9288747271935685
301,2977,1.1011709603109,1.9280227402209076
302,2978,1.1011709603109,1.9271713554218244
303,2979,1.1011709603109,1.926320343843695
304,2980,1.1011709603109,1.9254691738268603
305,2981,1.1011709603109,1.9246189252130637
306,2982,1.1011709603109,1.9237676718814822
307,2983,1.1011709603109,1.9229175754189922
308,2984,1.1011709603109,1.9220655344776751
309,2985,1.1011709603109,1.9212129499884811
310,2986,1.1011709603109,1.9203602699661726
311,2987,1.1011709603109,1.919508031046118
312,2988,1.1011709603109,1.918655913602191
313,2989,1.1011709603109,1.9178048438076225
314,2990,1.1011709603109,1.916951747293355
315,2991,1.1011709603109,1.9161016050312332
316,2992,1.1011709603109,1.915249836335468
317,2993,1.1011709603109,1.9143974298086548
318,2994,1.1011709603109,1.9135465384384551
319,2995,1.1011709603109,1.9126973815107593
320,2996,1.1011709603109,1.9118472419846664
321,2997,1.1011709603109,1.9109954154166586
322,2998,1.1011709603109,1.91014340843228
323,2999,1.1011709603109,1.9092911581925758
324,3000,1.1011709603109,1.9084393088359504
325,3001,1.1011709603109,1.9075880392041749
326,3002,1.1011709603109,1.9067377860822308
327,3003,1.1011709603109,1.905886815125976
328,3004,1.1011709603109,1.9050352421243355
329,3005,1.1011709603109,1.9041831597989807
330,3006,1.1011709603109,1.9033316206932294
331,3007,1.1011709603109,1.902480163599705
332,3008,1.1011709603109,1.9016279273114198
333,3009,1.1011709603109,1.900776571418027
334,3010,1.1011709603109,1.8999243707639417
335,3011,1.1011709603109,1.8990721591177893
336,3012,1.1011709603109,1.8982194846982112
337,3013,1.1011709603109,1.8973685480449667
338,3014,1.1011709603109,1.8965169790875118
339,3015,1.1011709603109,1.8956646381698097
340,3016,1.1011709603109,1.8948129647129808
341,3017,1.1011709603109,1.8939612558289003
342,3018,1.1011709603109,1.8931087035218097
343,3019,1.1011709603109,1.8922561127797932
344,3020,1.1011709603109,1.891404709254253
345,3021,1.1011709603109,1.890552253149249
346,3022,1.1011709603109,1.889701523874833
347,3023,1.1011709603109,1.8888492559095487
348,3024,1.1011709603109,1.8879985302019087
349,3025,1.1011709603109,1.887147598374379
350,3026,1.1011709603109,1.8862971698539814
351,3027,1.1011709603109,1.885446033568324
352,3028,1.1011709603109,1.8845955593428858
353,3029,1.1011709603109,1.8837442930357604
354,3030,1.1011709603109,1.8828929361412634
355,3031,1.1011709603109,1.8820415974455231
356,3032,1.1011709603109,1.8811899697572678
357,3033,1.1011709603109,1.8803385824709928
358,3034,1.1011709603109,1.8794871379720437
359,3035,1.1011709603109,1.8786358142242408
360,3036,1.1011709603109,1.877783994166098
361,3037,1.1011709603109,1.876931734750318
362,3038,1.1011709603109,1.8760797438990513
363,3039,1.1011709603109,1.8752278834192408
364,3040,1.1011709603109,1.8743760957210245
365,3041,1.1011709603109,1.8735252649780112
366,3042,1.1011709603109,1.8726736372897557
367,3043,1.1011709603109,1.8718214983733668
368,3044,1.1011709603109,1.8709693625366737
369,3045,1.1011709603109,1.8701171976940512
370,3046,1.1011709603109,1.8692653852990508
371,3047,1.1011709603109,1.8684145651253796
372,3048,1.1011709603109,1.8675629083022438
373,3049,1.1011709603109,2.004659391161587
374,3050,1.1011709603109,2.0038076887190233
375,3051,1.1011709603109,2.003104097226138
376,3052,1.1011709603109,2.002398310082079
377,3053,1.1011709603109,2.0016927238420883
378,3054,1.1011709603109,2.000987106018934
379,3055,1.1011709603109,2.0002821514570925
380,3056,1.1011709603109,1.9995779437545464
381,3057,1.1011709603109,1.9988734006704174
382,3058,1.1011709603109,1.9981682283881865
383,3059,1.1011709603109,1.997463437088293
384,3060,1.1011709603109,1.9967589593806194
385,3061,1.1011709603109,1.996054185535916
386,3062,1.1011709603109,1.9953496425140265
387,3063,1.1011709603109,1.9946444528740672
388,3064,1.1011709603109,1.9939392348443676
389,3065,1.1011709603109,1.9932340694899064
390,3066,1.1011709603109,1.9925289228909444
391,3067,1.1011709603109,1.9918253313980598
392,3068,1.1011709603109,1.9911199593290245
393,3069,1.1011709603109,1.99041511927514
394,3070,1.1011709603109,1.9897105168647027
395,3071,1.1011709603109,1.9890048980177482
396,3072,1.1011709603109,1.9882992675469429
397,3073,1.1011709603109,1.9875935405240266
398,3074,1.1011709603109,1.9868882494978373
399,3075,1.1011709603109,1.9861827270360821
400,3076,1.1011709603109,1.9854773628122484
401,3077,1.1011709603109,1.984772209361875
402,3078,1.1011709603109,1.9840682658736617
403,3079,1.1011709603109,1.9833634102362683
404,3080,1.1011709603109,1.9826576696767226
405,3081,1.1011709603109,1.9819535682266494
406,3082,1.1011709603109,1.981249417487561
407,3083,1.1011709603109,1.9805441313339744
408,3084,1.1011709603109,1.979839516532652
409,3085,1.1011709603109,1.979135220792971
410,3086,1.1011709603109,1.9784309723130715
411,3087,1.1011709603109,1.9777261090529799
412,3088,1.1011709603109,1.9770209191816726
413,3089,1.1011709603109,1.97631532510609
414,3090,1.1011709603109,1.9756102229578507
415,3091,1.1011709603109,1.974904582574164
416,3092,1.1011709603109,1.9741986483149627
417,3093,1.1011709603109,1.9734928880920282
418,3094,1.1011709603109,1.9727872150580343
419,3095,1.1011709603109,1.97208188354182
420,3096,1.1011709603109,1.9713763730236673
421,3097,1.1011709603109,1.9706707408508306
422,3098,1.1011709603109,1.9699648670557306
423,3099,1.1011709603109,1.9692593102772582
424,3100,1.1011709603109,1.9685557187843732
425,3101,1.1011709603109,1.967851298787336
426,3102,1.1011709603109,1.9671457144825537
427,3103,1.1011709603109,1.9664402036569624
428,3104,1.1011709603109,1.9657347808384207
429,3105,1.1011709603109,1.9650288304438184
430,3106,1.1011709603109,1.9643224362739617
431,3107,1.1011709603109,1.9636167306082446
432,3108,1.1011709603109,1.9629101575182546
433,3109,1.1011709603109,1.9622035843777677
434,3110,1.1011709603109,1.961496799082675
435,3111,1.1011709603109,1.9607904582757734
436,3112,1.1011709603109,1.960084497310298
437,3113,1.1011709603109,1.9593785801934944
438,3114,1.1011709603109,1.9586725813616601
439,3115,1.1011709603109,1.9579660726167138
440,3116,1.1011709603109,1.9572597478110496
441,3117,1.1011709603109,1.9565546782516132
442,3118,1.1011709603109,1.9558485581716005
443,3119,1.1011709603109,1.9551421492066972
444,3120,1.1011709603109,1.954436285364177
445,3121,1.1011709603109,1.9537313057207746
446,3122,1.1011709603109,1.9530257537301516
447,3123,1.1011709603109,1.952320736638989
448,3124,1.1011709603109,1.9516146596473554
449,3125,1.1011709603109,1.9509091216775145
450,3126,1.1011709603109,1.9502034862609976
451,3127,1.1011709603109,1.9494972663858678
452,3128,1.1011709603109,1.9487908696610285
453,3129,1.1011709603109,1.9480852360405516
454,3130,1.1011709603109,1.9473795073191462
455,3131,1.1011709603109,1.946674879470477
456,3132,1.1011709603109,1.945971210507153
457,3133,1.1011709603109,1.9452651967327044
458,3134,1.1011709603109,1.944560401346751
459,3135,1.1011709603109,1.9438553834565084
460,3136,1.1011709603109,1.9431494572583132
461,3137,1.1011709603109,1.942443662451969
462,3138,1.1011709603109,1.941737689009109
463,3139,1.1011709603109,1.9410311382229448
464,3140,1.1011709603109,1.9403243406438073
465,3141,1.1011709603109,1.9396176947033823
466,3142,1.1011709603109,1.9389115609360639
467,3143,1.1011709603109,1.9382046835288567
468,3144,1.1011709603109,1.9374977614249087
469,3145,1.1011709603109,1.936790798371209
470,3146,1.1011709603109,1.936084452642824
471,3147,1.1011709603109,1.9353784360623394
472,3148,1.1011709603109,1.934672714885536
473,3149,1.1011709603109,1.9339666336241423
474,3150,1.1011709603109,1.9332598951444766
475,3151,1.1011709603109,1.932553461404226
476,3152,1.1011709603109,1.931847461477321
477,3153,1.1011709603109,1.9311413522552543
478,3154,1.1011709603109,1.930436214628052
479,3155,1.1011709603109,1.929729796351554
480,3156,1.1011709603109,1.929023505872566
481,3157,1.1011709603109,1.9283173562453095
482,3158,1.1011709603109,1.9276116194013853
483,3159,1.1011709603109,1.926905617896052
484,3160,1.1011709603109,1.926199587968975
485,3161,1.1011709603109,1.9254936840770371
486,3162,1.1011709603109,1.9247875826075243
487,3163,1.1011709603109,1.924081756328176
488,3164,1.1011709603109,1.923376438457607
489,3165,1.1011709603109,1.9226717169950636
490,3166,1.1011709603109,1.9219659509172156
491,3167,1.1011709603109,1.92126112908567
492,3168,1.1011709603109,1.9205547290001552
493,3169,1.1011709603109,1.919847700620235
494,3170,1.1011709603109,1.9191410559053252
495,3171,1.1011709603109,1.9184352160924107
496,3172,1.1011709603109,1.917728744957247
497,3173,1.1011709603109,1.9170215093508909
498,3174,1.1011709603109,1.9163141907450152
499,3175,1.1011709603109,1.9156079411905313
500,3176,1.1011709603109,1.9149006784555198
501,3177,1.1011709603109,1.9141935869687439
502,3178,1.1011709603109,1.9134872549406887
503,3179,1.1011709603109,1.912781440883176
504,3180,1.1011709603109,2.536757197849013
505,3181,1.1011709603109,2.536053138192558
506,3182,1.1011709603109,2.5353481158943243
507,3183,1.1011709603109,2.5346436662157488
508,3184,1.1011709603109,2.533939224614285
509,3185,1.1011709603109,2.5332341873080364
510,3186,1.1011709603109,2.532528951100915
511,3187,1.1011709603109,2.5318239095444315
512,3188,1.1011709603109,2.5311189085855768
513,3189,1.1011709603109,2.5304137256025676
514,3190,1.1011709603109,2.5297087029842094
515,3191,1.1011709603109,2.529003910580449
516,3192,1.1011709603109,2.528299120781826
517,3193,1.1011709603109,2.527594326371504
518,3194,1.1011709603109,2.526889420049821
519,3195,1.1011709603109,2.526184610462646
520,3196,1.1011709603109,2.525479888003738
521,3197,1.1011709603109,2.52477506931045
522,3198,1.1011709603109,2.5240704370124303
523,3199,1.1011709603109,2.523365790596529
524,3200,1.1011709603109,2.791053310498912
525,3201,1.1011709603109,2.789356929466903
526,3202,1.1011709603109,2.787221465402274
527,3203,1.1011709603109,2.7850839263087614
528,3204,1.1011709603109,2.7829470141468757
529,3205,1.1011709603109,2.780809571775238
530,3206,1.1011709603109,2.7786723029992473
531,3207,1.1011709603109,2.7765351068971205
532,3208,1.1011709603109,2.774397809991048
533,3209,1.1011709603109,2.772260779431756
534,3210,1.1011709603109,2.7701238471338443
535,3211,1.1011709603109,2.767986799817152
536,3212,1.1011709603109,2.7658497965669584
537,3213,1.1011709603109,2.7637125894136623
538,3214,1.1011709603109,2.761575408099786
539,3215,1.1011709603109,2.75943842715428
540,3216,1.1011709603109,2.757301773752453
541,3217,1.1011709603109,2.755164897746883
542,3218,1.1011709603109,2.753028050903693
543,3219,1.1011709603109,2.750891018044094
544,3220,1.1011709603109,2.7487541729979843
545,3221,1.1011709603109,2.7466172773984514
546,3222,1.1011709603109,2.744480689211294
547,3223,1.1011709603109,2.742343792695119
548,3224,1.1011709603109,2.7402065418029227
549,3225,1.1011709603109,2.738069772527724
550,3226,1.1011709603109,2.7359325398059458
551,3227,1.1011709603109,2.733795658596323
552,3228,1.1011709603109,2.7316589079921125
553,3229,1.1011709603109,2.7295220666622395
554,3230,1.1011709603109,2.7273851604980903
555,3231,1.1011709603109,2.725248185621635
556,3232,1.1011709603109,2.7231111738868297
557,3233,1.1011709603109,2.720974257145804
558,3234,1.1011709603109,2.7188373855234182
559,3235,1.1011709603109,2.7167003677017716
560,3236,1.1011709603109,2.7145632286978016
561,3237,1.1011709603109,2.7124261936980782
562,3238,1.1011709603109,2.710289243848059
563,3239,1.1011709603109,2.7081522219526644
564,3240,1.1011709603109,2.70601513423167
565,3241,1.1011709603109,2.703877872079731
566,3242,1.1011709603109,2.7017403439326584
567,3243,1.1011709603109,2.6996027245767453
568,3244,1.1011709603109,2.6974653583920714
569,3245,1.1011709603109,2.6953277666646196
570,3246,1.1011709603109,2.6931902951951905
571,3247,1.1011709603109,2.6910533009276327
572,3248,1.1011709603109,2.6889163174621395
573,3249,1.1011709603109,2.6867792057077238
574,3250,1.1011709603109,2.6846423220075493
575,3251,1.1011709603109,2.682505421949572
576,3252,1.1011709603109,2.6803682929036934
577,3253,1.1011709603109,2.6782311060781843
578,3254,1.1011709603109,2.6760943733300673
579,3255,1.1011709603109,2.6739573148741225
580,3256,1.1011709603109,2.671820096382728
581,3257,1.1011709603109,2.669682175513715
582,3258,1.1011709603109,2.667544018324782
583,3259,1.1011709603109,2.6654063801911736
584,3260,1.1011709603109,2.6632685520283714
585,3261,1.1011709603109,2.6611309448459526
586,3262,1.1011709603109,2.658993140303808
587,3263,1.1011709603109,2.656854892474834
588,3264,1.1011709603109,2.654716292863849
589,3265,1.1011709603109,2.652577553381142
590,3266,1.1011709603109,2.65043883844162
591,3267,1.1011709603109,2.648300151919071
592,3268,1.1011709603109,2.646161466799221
593,3269,1.1011709603109,2.644022032790438
594,3270,1.1011709603109,2.64188313125726
595,3271,1.1011709603109,2.6397444232536986
596,3272,1.1011709603109,2.637605230413342
597,3273,1.1011709603109,2.6354661486373643
598,3274,1.1011709603109,2.6333274649646614
599,3275,1.1011709603109,2.6311885721893793
600,3276,1.1011709603109,2.6290497877197807
601,3277,1.1011709603109,2.62691206062366
602,3278,1.1011709603109,2.6247739303403157
603,3279,1.1011709603109,2.6226357770546733
604,3280,1.1011709603109,2.620497580775888
605,3281,1.1011709603109,2.618358777426764
606,3282,1.1011709603109,2.6162205342749774
607,3283,1.1011709603109,2.614081886966946
608,3284,1.1011709603109,2.611943520506876
609,3285,1.1011709603109,2.609805059229669
610,3286,1.1011709603109,2.6076664945907804
611,3287,1.1011709603109,2.605529112572581
612,3288,1.1011709603109,2.603391558270682
613,3289,1.1011709603109,2.6012540625785445
614,3290,1.1011709603109,2.5991165319146314
615,3291,1.1011709603109,2.6608177705696514
616,3292,1.1011709603109,2.6591350637339644
617,3293,1.1011709603109,2.6574521961061
618,3294,1.1011709603109,2.655769362197709
619,3295,1.1011709603109,2.6540866692173477
620,3296,1.1011709603109,2.6524039896545855
621,3297,1.1011709603109,2.650721215840842
622,3298,1.1011709603109,2.6490385977534507
623,3299,1.1011709603109,2.647356022777144
624,3300,1.1011709603109,2.6456734253115655
625,3301,1.1011709603109,2.64399094107251
626,3302,1.1011709603109,2.6423083431505456
627,3303,1.1011709603109,2.6406257312087775
628,3304,1.1011709603109,2.638943014151548
629,3305,1.1011709603109,2.6372603378378074
630,3306,1.1011709603109,2.635577623241129
631,3307,1.1011709603109,2.633895139190681
632,3308,1.1011709603109,2.632213210383153
633,3309,1.1011709603109,2.6305305167536215
634,3310,1.1011709603109,2.6288478078094992
635,3311,1.1011709603109,2.6271651049912133
636,3312,1.1011709603109,2.6254823032956005
637,3313,1.1011709603109,2.6237999651486246
638,3314,1.1011709603109,2.6221180709644365
639,3315,1.1011709603109,2.6204355724131614
640,3316,1.1011709603109,2.6187533833960654
641,3317,1.1011709603109,2.6170708498423556
642,3318,1.1011709603109,2.6153887344391116
643,3319,1.1011709603109,2.6137069850003978
644,3320,1.1011709603109,2.6120245101048423
645,3321,1.1011709603109,2.610341812232796
646,3322,1.1011709603109,2.608659377909479
647,3323,1.1011709603109,2.606977084708338
648,3324,1.1011709603109,2.6052945313586697
649,3325,1.1011709603109,2.603612130785177
650,3326,1.1011709603109,2.601929689772431
651,3327,1.1011709603109,2.600247034549328
652,3328,1.1011709603109,2.598564359883779
653,3329,1.1011709603109,2.596881552247441
654,3330,1.1011709603109,2.595198652130213
655,3331,1.1011709603109,4.166624237540093
656,3332,1.1011709603109,4.163942764746907
657,3333,1.1011709603109,4.16291632013617
658,3334,1.1011709603109,4.161888194500867
659,3335,1.1011709603109,4.160859918354838
660,3336,1.1011709603109,4.159831330855724
661,3337,1.1011709603109,4.158802894554742
662,3338,1.1011709603109,4.157774498676577
663,3339,1.1011709603109,4.1567459803796805
664,3340,1.1011709603109,4.155717597669776
665,3341,1.1011709603109,4.1546891388681875
666,3342,1.1011709603109,4.153660590600971
667,3343,1.1011709603109,4.152632968158579
668,3344,1.1011709603109,4.151605407818877
669,3345,1.1011709603109,4.1505775888165894
670,3346,1.1011709603109,4.149549456059294
671,3347,1.1011709603109,4.148522174066
672,3348,1.1011709603109,4.1474942156931265
673,3349,1.1011709603109,4.146466831859058
674,3350,1.1011709603109,4.145439200908136
675,3351,1.1011709603109,4.144411129970729
676,3352,1.1011709603109,4.143383864187869
677,3353,1.1011709603109,4.142355384011712
678,3354,1.1011709603109,4.141327444149341
679,3355,1.1011709603109,4.1403009995386055
680,3356,1.1011709603109,4.139273847404019
681,3357,1.1011709603109,4.138246958249153
682,3358,1.1011709603109,4.137220513638416
683,3359,1.1011709603109,4.13619239148566
684,3360,1.1011709603109,4.135164362897211
685,3361,1.1011709603109,4.134135222045516
686,3362,1.1011709603109,4.133106842805945
687,3363,1.1011709603109,4.132078363664633
688,3364,1.1011709603109,4.1310504022440435
689,3365,1.1011709603109,4.130023192980092
690,3366,1.1011709603109,4.128995087142269
691,3367,1.1011709603109,4.1279666829701025
692,3368,1.1011709603109,4.126939085542631
693,3369,1.1011709603109,4.125911065059387
694,3370,1.1011709603109,4.124882947488203
695,3371,1.1011709603109,4.123855521620358
696,3372,1.1011709603109,4.122827407262411
697,3373,1.1011709603109,4.121800879127118
698,3374,1.1011709603109,4.120773397888676
699,3375,1.1011709603109,4.119745206802054
700,3376,1.1011709603109,4.118717314013073
701,3377,1.1011709603109,4.117690869402337
702,3378,1.1011709603109,4.116663551122891
703,3379,1.1011709603109,4.115636434779022
704,3380,1.1011709603109,4.114608554326431
705,3381,1.1011709603109,4.113580095735632
706,3382,1.1011709603109,4.112552310913836
707,3383,1.1011709603109,4.111524659197561
708,3384,1.1011709603109,4.110496925597437
709,3385,1.1011709603109,4.109469571518726
710,3386,1.1011709603109,4.108441671407343
711,3387,1.1011709603109,4.107414338502186
712,3388,1.1011709603109,4.106387761902962
713,3389,1.1011709603109,4.105360846006427
714,3390,1.1011709603109,4.104333285505705
715,3391,1.1011709603109,4.1033068408949696
716,3392,1.1011709603109,4.102280396284234
717,3393,1.1011709603109,4.1012531037310875
718,3394,1.1011709603109,4.100224608360352
719,3395,1.1011709603109,4.099196254905675
720,3396,1.1011709603109,4.098166946018729
721,3397,1.1011709603109,4.097138260678986
722,3398,1.1011709603109,4.096109258804148
723,3399,1.1011709603109,4.0950807395841595
724,3400,1.1011709603109,4.094052082670685
725,3401,1.1011709603109,4.093022983087663
726,3402,1.1011709603109,4.091994149916437
727,3403,1.1011709603109,4.090965427327823
728,3404,1.1011709603109,4.089936623615453
729,3405,1.1011709603109,4.088906758425593
730,3406,1.1011709603109,4.087877754429954
731,3407,1.1011709603109,4.08685028108531
732,3408,1.1011709603109,4.0858220831696785
733,3409,1.1011709603109,4.084793989160357
734,3410,1.1011709603109,4.083765955346075
735,3411,1.1011709603109,4.082736895798918
736,3412,1.1011709603109,4.081708313411846
737,3413,1.1011709603109,4.080680940560926
738,3414,1.1011709603109,4.079653550085915
739,3415,1.1011709603109,4.078626368050003
740,3416,1.1011709603109,4.077598358935556
741,3417,1.1011709603109,4.076570548820096
742,3418,1.1011709603109,4.075541584978533
743,3419,1.1011709603109,4.07451301646962
744,3420,1.1011709603109,4.0734841344053585
745,3421,1.1011709603109,4.072454842913886
746,3422,1.1011709603109,4.0967277124209005
747,3423,1.1011709603109,4.095958129965027
748,3424,1.1011709603109,4.095188359902263
749,3425,1.1011709603109,4.094418734489795
750,3426,1.1011709603109,4.0936489814787365
751,3427,1.1011709603109,4.092879296946728
752,3428,1.1011709603109,4.092109656500918
753,3429,1.1011709603109,4.091339871629847
754,3430,1.1011709603109,4.090570238587329
755,3431,1.1011709603109,4.089800227268569
756,3432,1.1011709603109,4.089031021291135
757,3433,1.1011709603109,4.0882626903165376
758,3434,1.1011709603109,4.087493999654901
759,3435,1.1011709603109,4.086725191093913
760,3436,1.1011709603109,4.0859569025155045
761,3437,1.1011709603109,4.085187996795374
762,3438,1.1011709603109,4.084418956430161
763,3439,1.1011709603109,4.083649959230644
764,3440,1.1011709603109,4.082881656977775
765,3441,1.1011709603109,4.082113470651864
766,3442,1.1011709603109,4.0813446895112016
767,3443,1.1011709603109,4.080577200317186
768,3444,1.1011709603109,4.079808800501773
769,3445,1.1011709603109,4.079039776482795
770,3446,1.1011709603109,4.078270822123202
771,3447,1.1011709603109,4.0775033329291865
772,3448,1.1011709603109,4.076734610739591
773,3449,1.1011709603109,4.075965732634122
774,3450,1.1011709603109,4.075196255023338
775,3451,1.1011709603109,4.074427058992661
776,3452,1.1011709603109,4.118083595397788
777,3453,1.1011709603109,4.117673306732699
778,3454,1.1011709603109,4.117263204671223
779,3455,1.1011709603109,4.116853069701974
780,3456,1.1011709603109,4.116442921796019
781,3457,1.1011709603109,4.116032834400806
782,3458,1.1011709603109,4.115622745834538
783,3459,1.1011709603109,4.115212982633872
784,3460,1.1011709603109,4.114803200199036
785,3461,1.1011709603109,4.114393513792084
786,3462,1.1011709603109,4.1139833781415405
787,3463,1.1011709603109,4.11357299347197
788,3464,1.1011709603109,4.113163036398015
789,3465,1.1011709603109,4.112753139658971
790,3466,1.1011709603109,4.11234311253708
791,3467,1.1011709603109,4.1119328649287965
792,3468,1.1011709603109,4.111522553104945
793,3469,1.1011709603109,4.111112346787194
794,3470,1.1011709603109,4.110702098431796
795,3471,1.1011709603109,4.110291667796493
796,3472,1.1011709603109,4.109882140142892
797,3473,1.1011709603109,4.109472262158754
798,3474,1.1011709603109,4.109062329473438
799,3475,1.1011709603109,4.108652836671131
800,3476,1.1011709603109,4.10824307322828
801,3477,1.1011709603109,4.107833697458839
802,3478,1.1011709603109,4.1074239943236845
803,3479,1.1011709603109,4.107014123335198
804,3480,1.1011709603109,4.106604263781668
805,3481,1.1011709603109,4.1061947239703045
806,3482,1.1011709603109,4.25880654692215
807,3483,1.1011709603109,4.256987178184839
808,3484,1.1011709603109,4.253157076066585
809,3485,1.1011709603109,4.24932563399343
810,3486,1.1011709603109,4.245494092798913
811,3487,1.1011709603109,4.241662899131149
812,3488,1.1011709603109,4.237831615311326
813,3489,1.1011709603109,4.234000685459269
814,3490,1.1011709603109,4.2301690212159135
815,3491,1.1011709603109,4.226338293683599
816,3492,1.1011709603109,4.22250784887333
817,3493,1.1011709603109,4.21867661583244
818,3494,1.1011709603109,4.214845117830677
819,3495,1.1011709603109,4.211013886687474
820,3496,1.1011709603109,4.207182477198224
821,3497,1.1011709603109,4.203351497386521
822,3498,1.1011709603109,4.199520306189245
823,3499,1.1011709603109,4.195688940351477
824,3500,1.1011709603109,4.191858409144502
825,3501,1.1011709603109,4.1880267665295925
826,3502,1.1011709603109,4.1841966644113375
827,3503,1.1011709603109,4.180365363860986
828,3504,1.1011709603109,4.1765339651938795
829,3505,1.1011709603109,4.172703797199931
830,3506,1.1011709603109,4.168872466456455
831,3507,1.1011709603109,4.165041409575195
832,3508,1.1011709603109,4.161210007006425
833,3509,1.1011709603109,4.157378544120258
834,3510,1.1011709603109,4.153547114008272
835,3511,1.1011709603109,4.149715680529584
836,3512,1.1011709603109,4.145884857548119
837,3513,1.1011709603109,4.142053315390336
838,3514,1.1011709603109,4.13822321327208
839,3515,1.1011709603109,4.134392276779688
840,3516,1.1011709603109,4.130561450835177
841,3517,1.1011709603109,4.126729711974542
842,3518,1.1011709603109,4.12289818427805
843,3519,1.1011709603109,4.119066238372446
844,3520,1.1011709603109,4.1152343992422
845,3521,1.1011709603109,4.111402789014431
846,3522,1.1011709603109,4.107571729190056
847,3523,1.1011709603109,4.103740093774396
848,3524,1.1011709603109,4.099908094489719
849,3525,1.1011709603109,4.096076903544435
850,3526,1.1011709603109,4.092245088936065
851,3527,1.1011709603109,4.088413283047095
852,3528,1.1011709603109,4.084581361303868
853,3529,1.1011709603109,4.080749289762274
854,3530,1.1011709603109,4.076917063925373
855,3531,1.1011709603109,4.073084779071542
856,3532,1.1011709603109,4.069252859658697
857,3533,1.1011709603109,4.065420962506117
858,3534,1.1011709603109,4.061588523073142
859,3535,1.1011709603109,4.057756428275297
860,3536,1.1011709603109,4.05392468078433
861,3537,1.1011709603109,4.050093066378718
862,3538,1.1011709603109,4.046261397053885
863,3539,1.1011709603109,4.0424297386166135
864,3540,1.1011709603109,4.038597327703455
865,3541,1.1011709603109,4.034764924208185
866,3542,1.1011709603109,4.03093268144023
867,3543,1.1011709603109,4.0271007955142295
868,3544,1.1011709603109,4.023268432948431
869,3545,1.1011709603109,4.01943645886642
870,3546,1.1011709603109,4.0156045625861445
871,3547,1.1011709603109,4.011772371750547
872,3548,1.1011709603109,4.007941327716617
873,3549,1.1011709603109,4.004108427290076
874,3550,1.1011709603109,4.000275757771305
875,3551,1.1011709603109,3.9964432469311
876,3552,1.1011709603109,3.9926109601298085
877,3553,1.1011709603109,3.9887793293221137
878,3554,1.1011709603109,3.9849475006213644
879,3555,1.1011709603109,3.9811158294883606
880,3556,1.1011709603109,3.977284218910413
881,3557,1.1011709603109,3.973452388072357
882,3558,1.1011709603109,3.9696205668037443
883,3559,1.1011709603109,3.965788136719832
884,3560,1.1011709603109,3.961955510072355
885,3561,1.1011709603109,3.958122923674609
886,3562,1.1011709603109,3.9542904356172968
887,3563,1.1011709603109,3.9504578651741897
888,3564,1.1011709603109,3.9466255327896618
889,3565,1.1011709603109,3.9427930048406705
890,3566,1.1011709603109,3.9389603385482928
891,3567,1.1011709603109,3.9351278964587144
892,3568,1.1011709603109,3.9312954013223744
893,3569,1.1011709603109,3.927463446046205
894,3570,1.1011709603109,3.923631636478492
895,3571,1.1011709603109,3.9197991842420135
896,3572,1.1011709603109,3.9159667876041415
897,3573,1.1011709603109,3.912134083990876
898,3574,1.1011709603109,3.9083016426389268
899,3575,1.1011709603109,3.90446937073549
900,3576,1.1011709603109,3.900636913809891
901,3577,1.1011709603109,3.8968048862306057
902,3578,1.1011709603109,3.8929729563362496
903,3579,1.1011709603109,3.8891407181857
904,3580,1.1011709603109,3.8853082906661496
905,3581,1.1011709603109,3.881475062167372
906,3582,1.1011709603109,3.8776422964435757
907,3583,1.1011709603109,3.8738090761560637
908,3584,1.1011709603109,3.8699757684478837
909,3585,1.1011709603109,3.8661428751852602
910,3586,1.1011709603109,3.862309985198501
911,3587,1.1011709603109,3.8584770663197463
912,3588,1.1011709603109,3.8546444050257196
913,3589,1.1011709603109,3.850811178222263
914,3590,1.1011709603109,3.8469779582936074
915,3591,1.1011709603109,3.843144740148629
916,3592,1.1011709603109,3.8393113704207495
917,3593,1.1011709603109,3.8354781504920936
918,3594,1.1011709603109,3.8316452959150356
919,3595,1.1011709603109,3.827812127584956
920,3596,1.1011709603109,3.823979273128612
921,3597,1.1011709603109,3.820145638391778
922,3598,1.1011709603109,3.816312054410085
923,3599,1.1011709603109,3.8124793581045973
924,3600,1.1011709603109,3.808646985654507
925,3601,1.1011709603109,3.8048143234561356
926,3602,1.1011709603109,3.800981624084016
927,3603,1.1011709603109,4.416694421334105
928,3604,1.1011709603109,4.413654010753474
929,3605,1.1011709603109,4.410613936268086
930,3606,1.1011709603109,4.407573788585027
931,3607,1.1011709603109,4.404533914571086
932,3608,1.1011709603109,4.40149376305405
933,3609,1.1011709603109,4.398453544757433
934,3610,1.1011709603109,4.395412995667718
935,3611,1.1011709603109,4.392372584532245
936,3612,1.1011709603109,4.38933247984747
937,3613,1.1011709603109,5.452068263043136
938,3614,1.1011709603109,5.450014361231267
939,3615,1.1011709603109,5.447960367973955
940,3616,1.1011709603109,5.445906211491844
941,3617,1.1011709603109,5.4438519797762845
942,3618,1.1011709603109,5.441797710919496
943,3619,1.1011709603109,5.439743406137221
944,3620,1.1011709603109,5.43768906083627
945,3621,1.1011709603109,5.435634744757986
946,3622,1.1011709603109,5.433580610444055
947,3623,1.1011709603109,5.431526492295707
948,3624,1.1011709603109,5.429472208053356
949,3625,1.1011709603109,5.427418054167345
950,3626,1.1011709603109,5.425363886486737
951,3627,1.1011709603109,5.423309749101296
952,3628,1.1011709603109,5.421255592916187
953,3629,1.1011709603109,5.419201816680509
954,3630,1.1011709603109,5.417147746099186
955,3631,1.1011709603109,5.415093351727612
956,3632,1.1011709603109,5.413038811330495
957,3633,1.1011709603109,5.410984238614957
958,3634,1.1011709603109,5.408930101489302
959,3635,1.1011709603109,5.406876125408571
960,3636,1.1011709603109,5.404822653352647
961,3637,1.1011709603109,5.402769131368155
962,3638,1.1011709603109,5.400715379528393
963,3639,1.1011709603109,5.39866160142937
964,3640,1.1011709603109,5.396607775076788
965,3641,1.1011709603109,5.394553901118709
966,3642,1.1011709603109,5.392499971717129
967,3643,1.1011709603109,6.270261445797685
968,3644,1.1011709603109,6.270261445797685
969,3645,1.1011709603109,6.270261445797685
970,3646,1.1011709603109,6.270261445797685
971,3647,1.1011709603109,6.270261445797685
972,3648,1.1011709603109,6.270261445797685
973,3649,1.1011709603109,6.270261445797685
974,3650,1.1011709603109,6.270261445797685
975,3651,1.1011709603109,6.270261445797685
976,3652,1.1011709603109,6.270261445797685
977,3653,1.1011709603109,6.270261445797685
978,3654,1.1011709603109,6.270261445797685
979,3655,1.1011709603109,6.270261445797685
980,3656,1.1011709603109,6.270261445797685
981,3657,1.1011709603109,6.270261445797685
982,3658,1.1011709603109,6.270261445797685
983,3659,1.1011709603109,6.270261445797685
984,3660,1.1011709603109,6.270261445797685
985,3661,1.1011709603109,6.270261445797685
986,3662,1.1011709603109,6.270261445797685
987,3663,1.1011709603109,6.270261445797685
988,3664,1.1011709603109,6.270261445797685
989,3665,1.1011709603109,6.270261445797685
990,3666,1.1011709603109,6.270261445797685
991,3667,1.1011709603109,6.268270845459271
992,3668,1.1011709603109,6.2672444008485355
993,3669,1.1011709603109,6.266216595509395
994,3670,1.1011709603109,6.2651892782389496
995,3671,1.1011709603109,6.264161396457186
996,3672,1.1011709603109,6.263133446121518
997,3673,1.1011709603109,6.262106041947935
998,3674,1.1011709603109,6.2610773140084
999,3675,1.1011709603109,6.260049064866818
1000,3676,1.1011709603109,6.259020500186299
1001,3677,1.1011709603109,6.2579920914776315
1002,3678,1.1011709603109,6.256963433566031
1003,3679,1.1011709603109,6.255934762364928
1004,3680,1.1011709603109,6.254906089008869
1005,3681,1.1011709603109,6.253878710856744
1006,3682,1.1011709603109,6.2528506118053695
1007,3683,1.1011709603109,6.251822861804067
1008,3684,1.1011709603109,6.2507943593148125
1009,3685,1.1011709603109,6.249765948914337
1010,3686,1.1011709603109,6.2487381767028225
1011,3687,1.1011709603109,6.247709739553779
1012,3688,1.1011709603109,6.246681704819844
1013,3689,1.1011709603109,6.245652965177358
1014,3690,1.1011709603109,6.244624550154473
1015,3691,1.1011709603109,6.243596348281405
1016,3692,1.1011709603109,6.242567474505971
1017,3693,1.1011709603109,6.241538647103319
1018,3694,1.1011709603109,6.240510054824781
1019,3695,1.1011709603109,6.239481129984533
1020,3696,1.1011709603109,6.238453154358042
1021,3697,1.1011709603109,6.2374244937609316
1022,3698,1.1011709603109,6.236396224947799
1023,3699,1.1011709603109,6.235367521312568
1024,3700,1.1011709603109,6.234341076701834
1025,3701,1.1011709603109,6.23331297407379
1026,3702,1.1011709603109,6.232286529463056
1027,3703,1.1011709603109,6.231259756991778
1028,3704,1.1011709603109,6.230231790005182
1029,3705,1.1011709603109,6.229204683234591
1030,3706,1.1011709603109,6.228176801123463
1031,3707,1.1011709603109,6.2271490394525015
1032,3708,1.1011709603109,6.2261211034523205
1033,3709,1.1011709603109,6.2250923781990055
1034,3710,1.1011709603109,6.224064247039917
1035,3711,1.1011709603109,6.223037172836498
1036,3712,1.1011709603109,6.222008890183849
1037,3713,1.1011709603109,6.220981141539696
1038,3714,1.1011709603109,6.219953718897457
1039,3715,1.1011709603109,6.21892611745844
1040,3716,1.1011709603109,6.217899628840419
1041,3717,1.1011709603109,6.216871152883309
1042,3718,1.1011709603109,6.2158438902427235
1043,3719,1.1011709603109,6.214816743268746
1044,3720,1.1011709603109,6.213790223914032
1045,3721,1.1011709603109,6.212763779303297
1046,3722,1.1011709603109,6.211737142355475
1047,3723,1.1011709603109,6.2107085400286035
1048,3724,1.1011709603109,6.209680117998686
1049,3725,1.1011709603109,6.208653225464604
1050,3726,1.1011709603109,6.20762444200117
1051,3727,1.1011709603109,6.206596509730958
1052,3728,1.1011709603109,6.205569015754664
1053,3729,1.1011709603109,6.204542117027771
1054,3730,1.1011709603109,6.203513437404945
1055,3731,1.1011709603109,6.202485088042707
1056,3732,1.1011709603109,6.201457192937769
1057,3733,1.1011709603109,6.200429038140091
1058,3734,1.1011709603109,6.199401447897748
1059,3735,1.1011709603109,6.198372673358718
1060,3736,1.1011709603109,6.19734608315273
1061,3737,1.1011709603109,6.196319427541307
1062,3738,1.1011709603109,6.195292287968372
1063,3739,1.1011709603109,6.194263799345028
1064,3740,1.1011709603109,6.193235049979046
1065,3741,1.1011709603109,6.192205750879122
1066,3742,1.1011709603109,6.191177465844795
1067,3743,1.1011709603109,6.1901497235120475
1068,3744,1.1011709603109,6.189121797555382
1069,3745,1.1011709603109,6.188094861746194
1070,3746,1.1011709603109,6.1870667621156645
1071,3747,1.1011709603109,6.186038530589764
1072,3748,1.1011709603109,6.185009821994075
1073,3749,1.1011709603109,6.183980976367566
1074,3750,1.1011709603109,6.182953284401553
1075,3751,1.1011709603109,6.181926839790818
1076,3752,1.1011709603109,6.180899026670229
1077,3753,1.1011709603109,6.179870330223763
1078,3754,1.1011709603109,6.178841722668757
1079,3755,1.1011709603109,6.177812636184636
1080,3756,1.1011709603109,6.176783796388456
1081,3757,1.1011709603109,6.209944109809366
1082,3758,1.1011709603109,6.209174295926354
1083,3759,1.1011709603109,6.208404695656514
1084,3760,1.1011709603109,6.207634684883532
1085,3761,1.1011709603109,6.206864283356764
1086,3762,1.1011709603109,6.206094386437835
1087,3763,1.1011709603109,6.2053243345756774
1088,3764,1.1011709603109,6.204554726219135
1089,3765,1.1011709603109,6.203785764495137
1090,3766,1.1011709603109,6.203017271116048
1091,3767,1.1011709603109,6.202248107815271
1092,3768,1.1011709603109,6.201478974157291
1093,3769,1.1011709603109,6.200710345654232
1094,3770,1.1011709603109,6.1999417534118795
1095,3771,1.1011709603109,6.19917279314013
1096,3772,1.1011709603109,6.198403763711805
1097,3773,1.1011709603109,6.197635571823958
1098,3774,1.1011709603109,6.196867717440631
1099,3775,1.1011709603109,6.196098164941314
1100,3776,1.1011709603109,6.195328816240404
1101,3777,1.1011709603109,6.194559587051172
1102,3778,1.1011709603109,6.193790768713265
1103,3779,1.1011709603109,6.193021576583886
1104,3780,1.1011709603109,6.192252344179276
1105,3781,1.1011709603109,6.191483241300105
1106,3782,1.1011709603109,6.190714059219686
1107,3783,1.1011709603109,6.189944964778163
1108,3784,1.1011709603109,6.189176425324682
1109,3785,1.1011709603109,6.188407410948732
1110,3786,1.1011709603109,6.187638031239847
1111,3787,1.1011709603109,6.235525501355957
1112,3788,1.1011709603109,6.235115083223124
1113,3789,1.1011709603109,6.2347046020947
1114,3790,1.1011709603109,6.234294461700008
1115,3791,1.1011709603109,6.233884090802271
1116,3792,1.1011709603109,6.233473789071932
1117,3793,1.1011709603109,6.233063476077146
1118,3794,1.1011709603109,6.232652969252926
1119,3795,1.1011709603109,6.232242492574833
1120,3796,1.1011709603109,6.231832172432582
1121,3797,1.1011709603109,6.231421775575754
1122,3798,1.1011709603109,6.231011580809233
1123,3799,1.1011709603109,6.230601927893613
1124,3800,1.1011709603109,6.2301920258421735
1125,3801,1.1011709603109,6.229781815466038
1126,3802,1.1011709603109,6.229371513303229
1127,3803,1.1011709603109,6.228961199892321
1128,3804,1.1011709603109,6.228550683132993
1129,3805,1.1011709603109,6.228140110226281
1130,3806,1.1011709603109,6.227729728161018
1131,3807,1.1011709603109,6.227319280039982
1132,3808,1.1011709603109,6.226909264889769
1133,3809,1.1011709603109,6.226499365428394
1134,3810,1.1011709603109,6.226089636949128
1135,3811,1.1011709603109,6.225679880556474
1136,3812,1.1011709603109,6.225270000229381
1137,3813,1.1011709603109,6.224860120632793
1138,3814,1.1011709603109,6.224450584524879
1139,3815,1.1011709603109,6.224040902154531
1140,3816,1.1011709603109,6.2236311243887386
1141,3817,1.1011709603109,6.391937518321326
1142,3818,1.1011709603109,6.390118117007499
1143,3819,1.1011709603109,6.386288014889243
1144,3820,1.1011709603109,6.382456764174038
1145,3821,1.1011709603109,6.378626322237021
1146,3822,1.1011709603109,6.374795165293168
1147,3823,1.1011709603109,6.3709642449391595
1148,3824,1.1011709603109,6.367132610049664
1149,3825,1.1011709603109,6.3633009411179975
1150,3826,1.1011709603109,6.359469133721283
1151,3827,1.1011709603109,6.355638086667942
1152,3828,1.1011709603109,6.35180626254941
1153,3829,1.1011709603109,6.347975194754957
1154,3830,1.1011709603109,6.34414384051047
1155,3831,1.1011709603109,6.340312346088796
1156,3832,1.1011709603109,6.336481207888913
1157,3833,1.1011709603109,6.332651105770657
1158,3834,1.1011709603109,6.328819822563947
1159,3835,1.1011709603109,6.324989632655939
1160,3836,1.1011709603109,6.321159394892751
1161,3837,1.1011709603109,6.317328262290162
1162,3838,1.1011709603109,6.313498156769642
1163,3839,1.1011709603109,6.309666458125666
1164,3840,1.1011709603109,6.3058344228829215
1165,3841,1.1011709603109,6.3020024172103675
1166,3842,1.1011709603109,6.298170425222604
1167,3843,1.1011709603109,6.294338874507583
1168,3844,1.1011709603109,6.2905068535021265
1169,3845,1.1011709603109,6.28667517442228
1170,3846,1.1011709603109,6.282843223095502
1171,3847,1.1011709603109,6.279011210023822
1172,3848,1.1011709603109,6.27517920300057
1173,3849,1.1011709603109,6.271348687788912
1174,3850,1.1011709603109,6.267516774999815
1175,3851,1.1011709603109,6.2636847584301805
1176,3852,1.1011709603109,6.259853101944814
1177,3853,1.1011709603109,6.256022067033334
1178,3854,1.1011709603109,6.252190425466712
1179,3855,1.1011709603109,6.248359884821599
1180,3856,1.1011709603109,6.244528649447999
1181,3857,1.1011709603109,6.2406974830754045
1182,3858,1.1011709603109,6.236866400335493
1183,3859,1.1011709603109,6.233035969720354
1184,3860,1.1011709603109,6.2292058676021
1185,3861,1.1011709603109,6.225374596542641
1186,3862,1.1011709603109,6.2215425872879955
1187,3863,1.1011709603109,6.21771048852013
1188,3864,1.1011709603109,6.213878616704458
1189,3865,1.1011709603109,6.210046853875999
1190,3866,1.1011709603109,6.2062150870493715
1191,3867,1.1011709603109,6.202383339923576
1192,3868,1.1011709603109,6.198551824039607
1193,3869,1.1011709603109,6.1947208580250495
1194,3870,1.1011709603109,6.190889362781737
1195,3871,1.1011709603109,6.187058153972696
1196,3872,1.1011709603109,6.183226853354933
1197,3873,1.1011709603109,6.179395250569929
1198,3874,1.1011709603109,6.175565148451674
1199,3875,1.1011709603109,6.171733438123096
1200,3876,1.1011709603109,6.167903336004839
1201,3877,1.1011709603109,6.164072103115784
1202,3878,1.1011709603109,6.16024200099753
1203,3879,1.1011709603109,6.156410606562433
1204,3880,1.1011709603109,6.1525786534733635
1205,3881,1.1011709603109,6.148746810126741
1206,3882,1.1011709603109,6.144915094598959
1207,3883,1.1011709603109,6.1410839398420105
1208,3884,1.1011709603109,6.1372515524485545
1209,3885,1.1011709603109,6.133420542177343
1210,3886,1.1011709603109,6.1295886435411076
1211,3887,1.1011709603109,6.125757302135916
1212,3888,1.1011709603109,6.121925551570825
1213,3889,1.1011709603109,6.118093689823455
1214,3890,1.1011709603109,6.114261694108391
1215,3891,1.1011709603109,6.110429290352473
1216,3892,1.1011709603109,6.106596697096637
1217,3893,1.1011709603109,6.102764912526925
1218,3894,1.1011709603109,6.098932733779172
1219,3895,1.1011709603109,6.095101911911407
1220,3896,1.1011709603109,6.0912718097931515
1221,3897,1.1011709603109,6.087440313914229
1222,3898,1.1011709603109,6.083608616863633
1223,3899,1.1011709603109,6.079776680400009
1224,3900,1.1011709603109,6.0759442658871725
1225,3901,1.1011709603109,6.072112069612891
1226,3902,1.1011709603109,6.068280086208851
1227,3903,1.1011709603109,6.064448136117104
1228,3904,1.1011709603109,6.060616007763848
1229,3905,1.1011709603109,6.056783698298603
1230,3906,1.1011709603109,6.052951448867274
1231,3907,1.1011709603109,6.0491190403499315
1232,3908,1.1011709603109,6.045287030425788
1233,3909,1.1011709603109,6.041455919147242
1234,3910,1.1011709603109,6.037624660320398
1235,3911,1.1011709603109,6.033792660104386
1236,3912,1.1011709603109,6.0299604240165445
1237,3913,1.1011709603109,6.0261281045952275
1238,3914,1.1011709603109,6.022295532372453
1239,3915,1.1011709603109,6.018462669132313
1240,3916,1.1011709603109,6.0146294585402424
1241,3917,1.1011709603109,6.010796376248464
1242,3918,1.1011709603109,6.006962948756889
1243,3919,1.1011709603109,6.003129636398726
1244,3920,1.1011709603109,5.999297116097989
1245,3921,1.1011709603109,5.995464215612046
1246,3922,1.1011709603109,5.991631537956058
1247,3923,1.1011709603109,5.987798371190918
1248,3924,1.1011709603109,5.983965299060649
1249,3925,1.1011709603109,5.9801321042757145
1250,3926,1.1011709603109,5.976298937167702
1251,3927,1.1011709603109,5.97246606863004
1252,3928,1.1011709603109,5.9686340046526976
1253,3929,1.1011709603109,5.964801575482188
1254,3930,1.1011709603109,5.96096913343013
1255,3931,1.1011709603109,5.957136938689409
1256,3932,1.1011709603109,5.95330410207633
1257,3933,1.1011709603109,5.949471278864066
1258,3934,1.1011709603109,5.945639291111824
1259,3935,1.1011709603109,5.94180668335996
1260,3936,1.1011709603109,5.937974627755622
1261,3937,1.1011709603109,5.934142674257397
1262,3938,1.1011709603109,7.330584181220646
1263,3939,1.1011709603109,7.327544321190538
1264,3940,1.1011709603109,7.324504393944444
1265,3941,1.1011709603109,7.321464233980273
1266,3942,1.1011709603109,7.3184239050082995
1267,3943,1.1011709603109,7.315383359449622
1268,3944,1.1011709603109,7.312342959167863
1269,3945,1.1011709603109,7.309302833387464
1270,3946,1.1011709603109,7.306262780348437
1271,3947,1.1011709603109,7.303222633488185
1272,3948,1.1011709603109,8.923696143119406
1273,3949,1.1011709603109,8.921642113534073
1274,3950,1.1011709603109,8.91958800783748
1275,3951,1.1011709603109,8.917533904531656
1276,3952,1.1011709603109,8.915480039923239
1277,3953,1.1011709603109,8.913426199367164
1278,3954,1.1011709603109,8.911372169338154
1279,3955,1.1011709603109,8.909318002824174
1280,3956,1.1011709603109,8.907263750633794
1281,3957,1.1011709603109,8.90520954516605
1282,3958,1.1011709603109,8.903155270156374
1283,3959,1.1011709603109,8.90110098424776
1284,3960,1.1011709603109,8.899047029702347
1285,3961,1.1011709603109,8.896992856303518
1286,3962,1.1011709603109,8.894938796680586
1287,3963,1.1011709603109,8.892884840951194
1288,3964,1.1011709603109,8.890830747285747
1289,3965,1.1011709603109,8.888776352565984
1290,3966,1.1011709603109,8.886722062388607
1291,3967,1.1011709603109,8.884667806684782
1292,3968,1.1011709603109,8.882613532651824
1293,3969,1.1011709603109,8.880559495095993
1294,3970,1.1011709603109,8.878505445715136
1295,3971,1.1011709603109,8.876451580727398
1296,3972,1.1011709603109,8.874397813729981
1297,3973,1.1011709603109,8.872344115585754
1298,3974,1.1011709603109,8.870290365914707
1299,3975,1.1011709603109,8.868236618044223
1300,3976,1.1011709603109,8.866182938083368
1301,3977,1.1011709603109,8.864129191827644
1302,3978,1.1011709603109,9.922412359820044
1303,3979,1.1011709603109,9.922412359820044
1304,3980,1.1011709603109,9.922412359820044
1305,3981,1.1011709603109,9.922412359820044
1306,3982,1.1011709603109,9.922412359820044
1307,3983,1.1011709603109,9.922412359820044
1308,3984,1.1011709603109,9.922412359820044
1309,3985,1.1011709603109,9.922412359820044
1310,3986,1.1011709603109,9.922412359820044
1311,3987,1.1011709603109,9.922412359820044
1312,3988,1.1011709603109,9.922412359820044
1313,3989,1.1011709603109,9.922412359820044
1314,3990,1.1011709603109,9.922412359820044
1315,3991,1.1011709603109,9.922412359820044
1316,3992,1.1011709603109,9.922412359820044
1317,3993,1.1011709603109,9.922412359820044
1318,3994,1.1011709603109,9.922412359820044
1319,3995,1.1011709603109,9.922412359820044
1320,3996,1.1011709603109,9.922412359820044
1321,3997,1.1011709603109,9.920421759481629
1322,3998,1.1011709603109,9.919572602553938
1323,3999,1.1011709603109,9.918721555969073
1324,4000,1.1011709603109,9.917870957801851
1325,4001,1.1011709603109,9.917020221868196
1326,4002,1.1011709603109,9.916169646675092
1327,4003,1.1011709603109,9.915318281130414
1328,4004,1.1011709603109,9.91446722968235
1329,4005,1.1011709603109,9.913616065917704
1330,4006,1.1011709603109,9.912764706240203
1331,4007,1.1011709603109,9.911913622551442
1332,4008,1.1011709603109,9.911062547878442
1333,4009,1.1011709603109,9.910211736533189
1334,4010,1.1011709603109,9.909360902895672
1335,4011,1.1011709603109,9.90851008824449
1336,4012,1.1011709603109,9.907659243709032
1337,4013,1.1011709603109,9.906808324111548
0,4014,1.0867549215975256,9.90595720155264
1,4015,1.0867549215975256,0.2406785256356388
2,4016,1.0867549215975256,0.23982768113324798
3,4017,1.0867549215975256,0.23897689137782613
4,4018,1.0867549215975256,0.2381265355436049
5,4019,1.0867549215975256,0.23727735513223452
6,4020,1.0867549215975256,0.2364268357304512
7,4021,1.0867549215975256,0.23557691182408613
8,4022,1.0867549215975256,0.23472664149941266
9,4023,1.0867549215975256,0.23387660416495765
10,4024,1.0867549215975256,0.23302655842533912
11,4025,1.0867549215975256,0.23217586908436763
12,4026,1.0867549215975256,0.23132543494969962
13,4027,1.0867549215975256,0.23047529370782666
14,4028,1.0867549215975256,0.22962613678013186
15,4029,1.0867549215975256,0.2287760450377635
16,4030,1.0867549215975256,0.22792634221758748
17,4031,1.0867549215975256,0.22707637787364077
18,4032,1.0867549215975256,0.2262263463959873
19,4033,1.0867549215975256,0.22537680655780187
20,4034,1.0867549215975256,0.2245268848552526
21,4035,1.0867549215975256,0.22367772792755772
22,4036,1.0867549215975256,0.2228274334602219
23,4037,1.0867549215975256,0.2219782765325271
24,4038,1.0867549215975256,0.22112911960483222
25,4039,1.0867549215975256,0.2202781730580864
26,4040,1.0867549215975256,0.2194267537178507
27,4041,1.0867549215975256,0.21857567960713312
28,4042,1.0867549215975256,0.21772525060939027
29,4043,1.0867549215975256,0.21687432358426256
30,4044,1.0867549215975256,0.2160244556986639
31,4045,1.0867549215975256,0.21517324707484498
32,4046,1.0867549215975256,0.2143222707409004
33,4047,1.0867549215975256,0.21347104233216224
34,4048,1.0867549215975256,0.21261943717977894
35,4049,1.0867549215975256,0.2117678410484045
36,4050,1.0867549215975256,0.21091637368194247
37,4051,1.0867549215975256,0.2100651841440991
38,4052,1.0867549215975256,0.2092127193519559
39,4053,1.0867549215975256,0.20836097020274005
40,4054,1.0867549215975256,0.20750948635338995
41,4055,1.0867549215975256,0.2066588039590837
42,4056,1.0867549215975256,0.20580710195977941
43,4057,1.0867549215975256,0.204955539760026
44,4058,1.0867549215975256,0.20410413703096422
45,4059,1.0867549215975256,0.20325313437966802
46,4060,1.0867549215975256,0.20240273537865172
47,4061,1.0867549215975256,0.2015524715570439
48,4062,1.0867549215975256,0.2007007996200076
49,4063,1.0867549215975256,0.19984922037792074
50,4064,1.0867549215975256,0.19899771971183675
51,4065,1.0867549215975256,0.19814603968042835
52,4066,1.0867549215975256,0.19729463426728236
53,4067,1.0867549215975256,0.19644331623922254
54,4068,1.0867549215975256,0.1955920662986652
55,4069,1.0867549215975256,0.19474056334956724
56,4070,1.0867549215975256,0.19388864951060375
57,4071,1.0867549215975256,0.1930360117012671
58,4072,1.0867549215975256,0.1921837037144684
59,4073,1.0867549215975256,0.19133123179744754
60,4074,1.0867549215975256,0.19047930024086632
61,4075,1.0867549215975256,0.1896266916152469
62,4076,1.0867549215975256,0.18877476785127945
63,4077,1.0867549215975256,0.18792219138683328
64,4078,1.0867549215975256,0.18707161447098292
65,4079,1.0867549215975256,0.18621931826808194
66,4080,1.0867549215975256,0.18536810417460042
67,4081,1.0867549215975256,0.184516420463243
68,4082,1.0867549215975256,0.1836650681917303
69,4083,1.0867549215975256,0.18281354172906297
70,4084,1.0867549215975256,0.18196370348012478
71,4085,1.0867549215975256,0.18111201352641526
72,4086,1.0867549215975256,0.18026042321434319
73,4087,1.0867549215975256,0.17940873559486042
74,4088,1.0867549215975256,0.1785578439735669
75,4089,1.0867549215975256,0.1777061839639791
76,4090,1.0867549215975256,0.17685431677599348
77,4091,1.0867549215975256,0.17600237874422522
78,4092,1.0867549215975256,0.1751503890587972
79,4093,1.0867549215975256,0.17429776378510087
80,4094,1.0867549215975256,0.17344497833993763
81,4095,1.0867549215975256,0.1725921367293012
82,4096,1.0867549215975256,0.1717396915627673
83,4097,1.0867549215975256,0.17088699465527024
84,4098,1.0867549215975256,0.17003416599289092
85,4099,1.0867549215975256,0.16918169407587005
86,4100,1.0867549215975256,0.16832992040489514
87,4101,1.0867549215975256,0.16747794826758702
88,4102,1.0867549215975256,0.16662633536110738
89,4103,1.0867549215975256,0.16577360177660347
90,4104,1.0867549215975256,0.16492080405213846
91,4105,1.0867549215975256,0.16406791352886968
92,4106,1.0867549215975256,0.16321511902373403
93,4107,1.0867549215975256,0.16236265501272165
94,4108,1.0867549215975256,0.16150978257857862
95,4109,1.0867549215975256,0.16065703809448034
96,4110,1.0867549215975256,0.15980512436835542
97,4111,1.0867549215975256,0.15895346500629318
98,4112,1.0867549215975256,0.15810171418020744
99,4113,1.0867549215975256,0.15724938722556617
100,4114,1.0867549215975256,0.1563970195243077
101,4115,1.0867549215975256,0.15554484776025387
102,4116,1.0867549215975256,0.1546925714952891
103,4117,1.0867549215975256,0.15384032527450694
104,4118,1.0867549215975256,0.15298835125021856
105,4119,1.0867549215975256,0.15213673133940173
106,4120,1.0867549215975256,0.1512848678424631
107,4121,1.0867549215975256,0.15043280329165096
108,4122,1.0867549215975256,0.14958151929624922
109,4123,1.0867549215975256,0.1487299288610561
110,4124,1.0867549215975256,0.1478782644896769
111,4125,1.0867549215975256,0.147026743588037
112,4126,1.0867549215975256,0.14617543767135066
113,4127,1.0867549215975256,0.14532404496237084
114,4128,1.0867549215975256,0.1444720732300217
115,4129,1.0867549215975256,0.14361998723656133
116,4130,1.0867549215975256,0.14276771358527965
117,4131,1.0867549215975256,0.141915624062894
118,4132,1.0867549215975256,0.1410637182893877
119,4133,1.0867549215975256,0.14021296135074257
120,4134,1.0867549215975256,0.13936190800636375
121,4135,1.0867549215975256,0.28899961600569346
122,4136,1.0867549215975256,0.28814845772838354
123,4137,1.0867549215975256,0.2860129936637544
124,4138,1.0867549215975256,0.28387550138480044
125,4139,1.0867549215975256,0.2817381350723511
126,4140,1.0867549215975256,0.2796008545078117
127,4141,1.0867549215975256,0.27746322677430246
128,4142,1.0867549215975256,0.2753261028199943
129,4143,1.0867549215975256,0.27318868512977407
130,4144,1.0867549215975256,0.27105129220145857
131,4145,1.0867549215975256,0.26891395392377604
132,4146,1.0867549215975256,0.2667764580797591
133,4147,1.0867549215975256,0.2646388476860761
134,4148,1.0867549215975256,0.26250135354389464
135,4149,1.0867549215975256,0.26036391901017375
136,4150,1.0867549215975256,0.2582267505766437
137,4151,1.0867549215975256,0.25608961524414686
138,4152,1.0867549215975256,0.25395222299884596
139,4153,1.0867549215975256,0.25181478549844544
140,4154,1.0867549215975256,0.2496777400558763
141,4155,1.0867549215975256,0.24754033613650867
142,4156,1.0867549215975256,0.24540325353624592
143,4157,1.0867549215975256,0.2432660744843542
144,4158,1.0867549215975256,0.24112903574849695
145,4159,1.0867549215975256,0.23899139209454076
146,4160,1.0867549215975256,0.23685395404841003
147,4161,1.0867549215975256,0.2347167553750255
148,4162,1.0867549215975256,0.23257932941296122
149,4163,1.0867549215975256,0.2304413986788339
150,4164,1.0867549215975256,0.2283042884503167
151,4165,1.0867549215975256,0.22616645034315583
152,4166,1.0867549215975256,0.22402843918383208
153,4167,1.0867549215975256,0.221890486692964
154,4168,1.0867549215975256,0.21975233875894917
155,4169,1.0867549215975256,0.21761447937305828
156,4170,1.0867549215975256,0.21547661998716738
157,4171,1.0867549215975256,0.21333874119224702
158,4172,1.0867549215975256,0.21120076477967026
159,4173,1.0867549215975256,0.20906265801821386
160,4174,1.0867549215975256,0.2069249104773219
161,4175,1.0867549215975256,0.20478723862856796
162,4176,1.0867549215975256,0.20264950844149682
163,4177,1.0867549215975256,0.20051192773487525
164,4178,1.0867549215975256,0.19837438985130154
165,4179,1.0867549215975256,0.1962365864397712
166,4180,1.0867549215975256,0.194098820441002
167,4181,1.0867549215975256,0.19196251784087637
168,4182,1.0867549215975256,0.1898251698678883
169,4183,1.0867549215975256,0.18768762824613294
170,4184,1.0867549215975256,0.18554966108103496
171,4185,1.0867549215975256,0.1834113653044655
172,4186,1.0867549215975256,0.1812733064531523
173,4187,1.0867549215975256,0.17913575337581536
174,4188,1.0867549215975256,0.17699806496515733
175,4189,1.0867549215975256,0.1748608081726873
176,4190,1.0867549215975256,0.1727233703233397
177,4191,1.0867549215975256,0.17058546252063556
178,4192,1.0867549215975256,0.1684483860904861
179,4193,1.0867549215975256,0.16631106041812344
180,4194,1.0867549215975256,0.16417389843027566
181,4195,1.0867549215975256,0.16203637719041306
182,4196,1.0867549215975256,0.15989911523675374
183,4197,1.0867549215975256,0.15776136884062922
184,4198,1.0867549215975256,0.1556235977906404
185,4199,1.0867549215975256,0.1534856310856768
186,4200,1.0867549215975256,0.1513478168914254
187,4201,1.0867549215975256,0.14920974452632987
188,4202,1.0867549215975256,0.14707152944535265
189,4203,1.0867549215975256,0.14493310824938366
190,4204,1.0867549215975256,0.1427940805615546
191,4205,1.0867549215975256,0.14065591813967337
192,4206,1.0867549215975256,0.1385176738440944
193,4207,1.0867549215975256,0.13637854520013473
194,4208,1.0867549215975256,0.13423934607076093
195,4209,1.0867549215975256,0.132100031668632
196,4210,1.0867549215975256,0.12996077193254846
197,4211,1.0867549215975256,0.12782106249797384
198,4212,1.0867549215975256,0.12568160247098106
199,4213,1.0867549215975256,0.12354216040494391
200,4214,1.0867549215975256,0.121403199624911
201,4215,1.0867549215975256,0.11926366146914973
202,4216,1.0867549215975256,0.11712418354466637
203,4217,1.0867549215975256,0.11498568018194848
204,4218,1.0867549215975256,0.11284725637560886
205,4219,1.0867549215975256,0.1107090688179316
206,4220,1.0867549215975256,0.10857147713528631
207,4221,1.0867549215975256,0.10643392283338655
208,4222,1.0867549215975256,0.1042962138133423
209,4223,1.0867549215975256,0.10215846747382304
210,4224,1.0867549215975256,0.10002020977201315
211,4225,1.0867549215975256,0.09788237910714334
212,4226,1.0867549215975256,0.34330704464704825
213,4227,1.0867549215975256,0.3416244855739954
214,4228,1.0867549215975256,0.3399418557204784
215,4229,1.0867549215975256,0.3382592068867017
216,4230,1.0867549215975256,0.33657623619425464
217,4231,1.0867549215975256,0.3348933003578786
218,4232,1.0867549215975256,0.33321053886375984
219,4233,1.0867549215975256,0.3315281650025763
220,4234,1.0867549215975256,0.32984517639531724
221,4235,1.0867549215975256,0.32816204750168326
222,4236,1.0867549215975256,0.32647879663395757
223,4237,1.0867549215975256,0.32479558153883686
224,4238,1.0867549215975256,0.3231123980561422
225,4239,1.0867549215975256,0.3214293611321618
226,4240,1.0867549215975256,0.3197464237192886
227,4241,1.0867549215975256,0.31806348716839783
228,4242,1.0867549215975256,0.3163808108872945
229,4243,1.0867549215975256,0.3146979051425097
230,4244,1.0867549215975256,0.31301562948869566
231,4245,1.0867549215975256,0.3113329155446303
232,4246,1.0867549215975256,0.30964979827761663
233,4247,1.0867549215975256,0.30796694091142024
234,4248,1.0867549215975256,0.30628403722114966
235,4249,1.0867549215975256,0.30460163913077765
236,4250,1.0867549215975256,0.30291900729519905
237,4251,1.0867549215975256,0.301236373383953
238,4252,1.0867549215975256,0.29955425139670533
239,4253,1.0867549215975256,0.29787187875927384
240,4254,1.0867549215975256,0.2961894353951095
241,4255,1.0867549215975256,0.2945069147871228
242,4256,1.0867549215975256,0.29282449892303825
243,4257,1.0867549215975256,0.29114217540132786
244,4258,1.0867549215975256,0.2894595388893962
245,4259,1.0867549215975256,0.28777694869861664
246,4260,1.0867549215975256,0.2860942349911673
247,4261,1.0867549215975256,0.28441184590930857
248,4262,1.0867549215975256,0.28272950285851634
249,4263,1.0867549215975256,0.28104705428174953
250,4264,1.0867549215975256,0.27936465619137746
251,4265,1.0867549215975256,0.27768202286766247
252,4266,1.0867549215975256,1.971565244692935
253,4267,1.0867549215975256,1.9688837626477655
254,4268,1.0867549215975256,1.9680346057200706
255,4269,1.0867549215975256,1.9671835810975704
256,4270,1.0867549215975256,1.9663327368243952
257,4271,1.0867549215975256,1.9654813789282126
258,4272,1.0867549215975256,1.9646299011671926
259,4273,1.0867549215975256,1.9637782020891885
260,4274,1.0867549215975256,1.962926622026515
261,4275,1.0867549215975256,1.9620750240364937
262,4276,1.0867549215975256,1.961223658043549
263,4277,1.0867549215975256,1.960372177626073
264,4278,1.0867549215975256,1.9595208299160185
265,4279,1.0867549215975256,1.9586692198097422
266,4280,1.0867549215975256,1.957818200237811
267,4281,1.0867549215975256,1.9569670169341222
268,4282,1.0867549215975256,1.956115931573132
269,4283,1.0867549215975256,1.955265916830845
270,4284,1.0867549215975256,1.9544152973681368
271,4285,1.0867549215975256,1.953564164148279
272,4286,1.0867549215975256,1.9527137026151777
273,4287,1.0867549215975256,1.9518624627172896
274,4288,1.0867549215975256,1.9510109676726421
275,4289,1.0867549215975256,1.950159319510582
276,4290,1.0867549215975256,1.949308117951474
277,4291,1.0867549215975256,1.9484564570993779
278,4292,1.0867549215975256,1.9476052591391144
279,4293,1.0867549215975256,1.9467550644378369
280,4294,1.0867549215975256,1.9459043442975208
281,4295,1.0867549215975256,1.9450538244635542
282,4296,1.0867549215975256,1.944201687015463
283,4297,1.0867549215975256,1.9433492735039744
284,4298,1.0867549215975256,1.9424974857847563
285,4299,1.0867549215975256,1.941646200437735
286,4300,1.0867549215975256,1.9407949150907138
287,4301,1.0867549215975256,1.9399435043594848
288,4302,1.0867549215975256,1.9390924895899353
289,4303,1.0867549215975256,1.9382411792790466
290,4304,1.0867549215975256,1.9373894796968802
291,4305,1.0867549215975256,1.936537763922277
292,4306,1.0867549215975256,1.93568593526582
293,4307,1.0867549215975256,1.9348341126084438
294,4308,1.0867549215975256,1.9339819991786988
295,4309,1.0867549215975256,1.9331312238407454
296,4310,1.0867549215975256,1.9322804183179088
297,4311,1.0867549215975256,1.9314296602879333
298,4312,1.0867549215975256,1.9305783413902333
299,4313,1.0867549215975256,1.9297265986427212
300,4314,1.0867549215975256,1.9288747271935685
301,4315,1.0867549215975256,1.9280227402209076
302,4316,1.0867549215975256,1.9271713554218244
303,4317,1.0867549215975256,1.926320343843695
304,4318,1.0867549215975256,1.9254691738268603
305,4319,1.0867549215975256,1.9246189252130637
306,4320,1.0867549215975256,1.9237676718814822
307,4321,1.0867549215975256,1.9229175754189922
308,4322,1.0867549215975256,1.9220655344776751
309,4323,1.0867549215975256,1.9212129499884811
310,4324,1.0867549215975256,1.9203602699661726
311,4325,1.0867549215975256,1.919508031046118
312,4326,1.0867549215975256,1.918655913602191
313,4327,1.0867549215975256,1.9178048438076225
314,4328,1.0867549215975256,1.916951747293355
315,4329,1.0867549215975256,1.9161016050312332
316,4330,1.0867549215975256,1.915249836335468
317,4331,1.0867549215975256,1.9143974298086548
318,4332,1.0867549215975256,1.9135465384384551
319,4333,1.0867549215975256,1.9126973815107593
320,4334,1.0867549215975256,1.9118472419846664
321,4335,1.0867549215975256,1.9109954154166586
322,4336,1.0867549215975256,1.91014340843228
323,4337,1.0867549215975256,1.9092911581925758
324,4338,1.0867549215975256,1.9084393088359504
325,4339,1.0867549215975256,1.9075880392041749
326,4340,1.0867549215975256,1.9067377860822308
327,4341,1.0867549215975256,1.905886815125976
328,4342,1.0867549215975256,1.9050352421243355
329,4343,1.0867549215975256,1.9041831597989807
330,4344,1.0867549215975256,1.9033316206932294
331,4345,1.0867549215975256,1.902480163599705
332,4346,1.0867549215975256,1.9016279273114198
333,4347,1.0867549215975256,1.900776571418027
334,4348,1.0867549215975256,1.8999243707639417
335,4349,1.0867549215975256,1.8990721591177893
336,4350,1.0867549215975256,1.8982194846982112
337,4351,1.0867549215975256,1.8973685480449667
338,4352,1.0867549215975256,1.8965169790875118
339,4353,1.0867549215975256,1.8956646381698097
340,4354,1.0867549215975256,1.8948129647129808
341,4355,1.0867549215975256,1.8939612558289003
342,4356,1.0867549215975256,1.8931087035218097
343,4357,1.0867549215975256,1.8922561127797932
344,4358,1.0867549215975256,1.891404709254253
345,4359,1.0867549215975256,1.890552253149249
346,4360,1.0867549215975256,1.889701523874833
347,4361,1.0867549215975256,1.8888492559095487
348,4362,1.0867549215975256,1.8879985302019087
349,4363,1.0867549215975256,1.887147598374379
350,4364,1.0867549215975256,1.8862971698539814
351,4365,1.0867549215975256,1.885446033568324
352,4366,1.0867549215975256,1.8845955593428858
353,4367,1.0867549215975256,1.8837442930357604
354,4368,1.0867549215975256,1.8828929361412634
355,4369,1.0867549215975256,1.8820415974455231
356,4370,1.0867549215975256,1.8811899697572678
357,4371,1.0867549215975256,1.8803385824709928
358,4372,1.0867549215975256,1.8794871379720437
359,4373,1.0867549215975256,1.8786358142242408
360,4374,1.0867549215975256,1.877783994166098
361,4375,1.0867549215975256,1.876931734750318
362,4376,1.0867549215975256,1.8760797438990513
363,4377,1.0867549215975256,1.8752278834192408
364,4378,1.0867549215975256,1.8743760957210245
365,4379,1.0867549215975256,1.8735252649780112
366,4380,1.0867549215975256,1.8726736372897557
367,4381,1.0867549215975256,1.8718214983733668
368,4382,1.0867549215975256,1.8709693625366737
369,4383,1.0867549215975256,1.8701171976940512
370,4384,1.0867549215975256,1.8692653852990508
371,4385,1.0867549215975256,1.8684145651253796
372,4386,1.0867549215975256,1.8675629083022438
373,4387,1.0867549215975256,2.004659391161587
374,4388,1.0867549215975256,2.0038076887190233
375,4389,1.0867549215975256,2.003104097226138
376,4390,1.0867549215975256,2.002398310082079
377,4391,1.0867549215975256,2.0016927238420883
378,4392,1.0867549215975256,2.000987106018934
379,4393,1.0867549215975256,2.0002821514570925
380,4394,1.0867549215975256,1.9995779437545464
381,4395,1.0867549215975256,1.9988734006704174
382,4396,1.0867549215975256,1.9981682283881865
383,4397,1.0867549215975256,1.997463437088293
384,4398,1.0867549215975256,1.9967589593806194
385,4399,1.0867549215975256,1.996054185535916
386,4400,1.0867549215975256,1.9953496425140265
387,4401,1.0867549215975256,1.9946444528740672
388,4402,1.0867549215975256,1.9939392348443676
389,4403,1.0867549215975256,1.9932340694899064
390,4404,1.0867549215975256,1.9925289228909444
391,4405,1.0867549215975256,1.9918253313980598
392,4406,1.0867549215975256,1.9911199593290245
393,4407,1.0867549215975256,1.99041511927514
394,4408,1.0867549215975256,1.9897105168647027
395,4409,1.0867549215975256,1.9890048980177482
396,4410,1.0867549215975256,1.9882992675469429
397,4411,1.0867549215975256,1.9875935405240266
398,4412,1.0867549215975256,1.9868882494978373
399,4413,1.0867549215975256,1.9861827270360821
400,4414,1.0867549215975256,1.9854773628122484
401,4415,1.0867549215975256,1.984772209361875
402,4416,1.0867549215975256,1.9840682658736617
403,4417,1.0867549215975256,1.9833634102362683
404,4418,1.0867549215975256,1.9826576696767226
405,4419,1.0867549215975256,1.9819535682266494
406,4420,1.0867549215975256,1.981249417487561
407,4421,1.0867549215975256,1.9805441313339744
408,4422,1.0867549215975256,1.979839516532652
409,4423,1.0867549215975256,1.979135220792971
410,4424,1.0867549215975256,1.9784309723130715
411,4425,1.0867549215975256,1.9777261090529799
412,4426,1.0867549215975256,1.9770209191816726
413,4427,1.0867549215975256,1.97631532510609
414,4428,1.0867549215975256,1.9756102229578507
415,4429,1.0867549215975256,1.974904582574164
416,4430,1.0867549215975256,1.9741986483149627
417,4431,1.0867549215975256,1.9734928880920282
418,4432,1.0867549215975256,1.9727872150580343
419,4433,1.0867549215975256,1.97208188354182
420,4434,1.0867549215975256,1.9713763730236673
421,4435,1.0867549215975256,1.9706707408508306
422,4436,1.0867549215975256,1.9699648670557306
423,4437,1.0867549215975256,1.9692593102772582
424,4438,1.0867549215975256,1.9685557187843732
425,4439,1.0867549215975256,1.967851298787336
426,4440,1.0867549215975256,1.9671457144825537
427,4441,1.0867549215975256,1.9664402036569624
428,4442,1.0867549215975256,1.9657347808384207
429,4443,1.0867549215975256,1.9650288304438184
430,4444,1.0867549215975256,1.9643224362739617
431,4445,1.0867549215975256,1.9636167306082446
432,4446,1.0867549215975256,1.9629101575182546
433,4447,1.0867549215975256,1.9622035843777677
434,4448,1.0867549215975256,1.961496799082675
435,4449,1.0867549215975256,1.9607904582757734
436,4450,1.0867549215975256,1.960084497310298
437,4451,1.0867549215975256,1.9593785801934944
438,4452,1.0867549215975256,1.9586725813616601
439,4453,1.0867549215975256,1.9579660726167138
440,4454,1.0867549215975256,1.9572597478110496
441,4455,1.0867549215975256,1.9565546782516132
442,4456,1.0867549215975256,1.9558485581716005
443,4457,1.0867549215975256,1.9551421492066972
444,4458,1.0867549215975256,1.954436285364177
445,4459,1.0867549215975256,1.9537313057207746
446,4460,1.0867549215975256,1.9530257537301516
447,4461,1.0867549215975256,1.952320736638989
448,4462,1.0867549215975256,1.9516146596473554
449,4463,1.0867549215975256,1.9509091216775145
450,4464,1.0867549215975256,1.9502034862609976
451,4465,1.0867549215975256,1.9494972663858678
452,4466,1.0867549215975256,1.9487908696610285
453,4467,1.0867549215975256,1.9480852360405516
454,4468,1.0867549215975256,1.9473795073191462
455,4469,1.0867549215975256,1.946674879470477
456,4470,1.0867549215975256,1.945971210507153
457,4471,1.0867549215975256,1.9452651967327044
458,4472,1.0867549215975256,1.944560401346751
459,4473,1.0867549215975256,1.9438553834565084
460,4474,1.0867549215975256,1.9431494572583132
461,4475,1.0867549215975256,1.942443662451969
462,4476,1.0867549215975256,1.941737689009109
463,4477,1.0867549215975256,1.9410311382229448
464,4478,1.0867549215975256,1.9403243406438073
465,4479,1.0867549215975256,1.9396176947033823
466,4480,1.0867549215975256,1.9389115609360639
467,4481,1.0867549215975256,1.9382046835288567
468,4482,1.0867549215975256,1.9374977614249087
469,4483,1.0867549215975256,1.936790798371209
470,4484,1.0867549215975256,1.936084452642824
471,4485,1.0867549215975256,1.9353784360623394
472,4486,1.0867549215975256,1.934672714885536
473,4487,1.0867549215975256,1.9339666336241423
474,4488,1.0867549215975256,1.9332598951444766
475,4489,1.0867549215975256,1.932553461404226
476,4490,1.0867549215975256,1.931847461477321
477,4491,1.0867549215975256,1.9311413522552543
478,4492,1.0867549215975256,1.930436214628052
479,4493,1.0867549215975256,1.929729796351554
480,4494,1.0867549215975256,1.929023505872566
481,4495,1.0867549215975256,1.9283173562453095
482,4496,1.0867549215975256,1.9276116194013853
483,4497,1.0867549215975256,1.926905617896052
484,4498,1.0867549215975256,1.926199587968975
485,4499,1.0867549215975256,1.9254936840770371
486,4500,1.0867549215975256,1.9247875826075243
487,4501,1.0867549215975256,1.924081756328176
488,4502,1.0867549215975256,1.923376438457607
489,4503,1.0867549215975256,1.9226717169950636
490,4504,1.0867549215975256,1.9219659509172156
491,4505,1.0867549215975256,1.92126112908567
492,4506,1.0867549215975256,1.9205547290001552
493,4507,1.0867549215975256,1.919847700620235
494,4508,1.0867549215975256,1.9191410559053252
495,4509,1.0867549215975256,1.9184352160924107
496,4510,1.0867549215975256,1.917728744957247
497,4511,1.0867549215975256,1.9170215093508909
498,4512,1.0867549215975256,1.9163141907450152
499,4513,1.0867549215975256,1.9156079411905313
500,4514,1.0867549215975256,1.9149006784555198
501,4515,1.0867549215975256,1.9141935869687439
502,4516,1.0867549215975256,1.9134872549406887
503,4517,1.0867549215975256,1.912781440883176
504,4518,1.0867549215975256,2.536757197849013
505,4519,1.0867549215975256,2.536053138192558
506,4520,1.0867549215975256,2.5353481158943243
507,4521,1.0867549215975256,2.5346436662157488
508,4522,1.0867549215975256,2.533939224614285
509,4523,1.0867549215975256,2.5332341873080364
510,4524,1.0867549215975256,2.532528951100915
511,4525,1.0867549215975256,2.5318239095444315
512,4526,1.0867549215975256,2.5311189085855768
513,4527,1.0867549215975256,2.5304137256025676
514,4528,1.0867549215975256,2.5297087029842094
515,4529,1.0867549215975256,2.529003910580449
